
0.01 47686.3167468894
0.02 21981.367722277
0.03 13533.7582615925
0.04 9386.7314397167
0.05 6950.84717668625
0.06 5364.2612580094
0.07 4258.52548805644
0.08 3450.07056585765
0.09 2837.39079443028
0.1 2359.93527942215
0.11 1979.43511325252
0.12 1670.57642564821
0.13 1415.98555578725
0.14 1203.36878857229
0.15 1023.80039879161
0.16 870.65586194515
0.17 738.923927577301
0.18 624.750211034572
0.19 525.125721456716
0.2 437.670558161788
0.21 360.480146513112
0.22 292.013715878128
0.23 231.013003277221
0.24 176.441181673087
0.25 127.437009379136
0.26 83.2799146075666
0.27 43.3626695276802
0.28 7.17062026668367
0.29 -25.7352044842687
0.3 -55.7311414954999
0.31 -83.1414014624959
0.32 -108.24669145881
0.33 -131.291033344708
0.34 -152.487420804159
0.35 -172.022530340728
0.36 -190.060453439574
0.37 -206.745966197756
0.38 -222.207188707773
0.39 -236.557814094223
0.4 -249.899003387788
0.41 -262.320987386829
0.42 -273.904485426729
0.43 -284.721776790281
0.44 -294.83779520042
0.45 -304.310928797433
0.46 -313.193810963626
0.47 -321.53393378546
0.48 -329.374243303385
0.49 -336.753590018529
0.5 -343.707186005715
0.51 -350.266977636125
0.52 -356.461973498671
0.53 -362.318554198764
0.54 -367.860702412209
0.55 -373.110264117638
0.56 -378.0871375254
0.57 -382.809476950202
0.58 -387.2938308164
0.59 -391.555333338271
0.6 -395.607783408191
0.61 -399.46383026816
0.62 -403.135030406539
0.63 -406.631980532172
0.64 -409.964404104284
0.65 -413.141218845816
0.66 -416.170638141974
0.67 -419.060221089879
0.68 -421.816932975827
0.69 -424.447234399175
0.7 -426.957097602203
0.71 -429.352065932466
0.72 -431.637304289777
0.73 -433.817628250949
0.74 -435.897551782037
0.75 -437.881299409206
0.76 -439.772856491908
0.77 -441.575976361625
0.78 -443.294211368966
0.79 -444.930931574212
0.8 -446.489333557175
0.81 -447.972476628506
0.82 -449.383278746901
0.83 -450.724523803082
0.84 -451.998887172929
0.85 -453.208937239921
0.86 -454.35713811591
0.87 -455.445861218881
0.88 -456.477396635964
0.89 -457.453938225686
0.9 -458.377616516168
0.91 -459.250476506294
0.92 -460.074488387186
0.93 -460.851565451456
0.94 -461.583538185132
0.95 -462.272186146088
0.96 -462.919229156326
0.97 -463.526305603742
0.98 -464.095022162168
0.99 -464.626919063489
1 -465.123485159346
1.01 -465.586152651439
1.02 -466.016310682586
1.03 -466.415301644286
1.04 -466.784421929107
1.05 -467.124926667015
1.06 -467.438030329336
1.07 -467.724907476778
1.08 -467.986698819187
1.09 -468.224511402596
1.1 -468.439417540245
1.11 -468.632463652734
1.12 -468.80465962043
1.13 -468.956995945415
1.14 -469.090438594367
1.15 -469.205922729988
1.16 -469.304364872839
1.17 -469.386654167674
1.18 -469.453667095712
1.19 -469.506253095017
1.2 -469.545246413368
1.21 -469.571455346734
1.22 -469.58567639129
1.23 -469.588685145279
1.24 -469.581229942834
1.25 -469.564048581611
1.26 -469.537861742028
1.27 -469.503354740833
1.28 -469.461210630093
1.29 -469.4120813496
1.3 -469.356597738274
1.31 -469.295371198443
1.32 -469.228990632392
1.33 -469.158018413443
1.34 -469.083002353237
1.35 -469.004457573915
1.36 -468.922876342229
1.37 -468.838730469532
1.38 -468.752464257311
1.39 -468.664496457964
1.4 -468.575227845974
1.41 -468.485023765433
1.42 -468.394231110803
1.43 -468.303176616448
1.44 -468.212158230179
1.45 -468.121447190242
1.46 -468.031299993347
1.47 -467.941948093628
1.48 -467.853598240174
1.49 -467.766437632384
1.5 -467.680637344232
1.51 -467.596346022163
1.52 -467.513695373952
1.53 -467.43279917008
1.54 -467.353757483534
1.55 -467.276650931057
1.56 -467.201548477362
1.57 -467.128506725415
1.58 -467.057567340643
1.59 -466.988762049062
1.6 -466.922111424964
1.61 -466.857628525679
1.62 -466.795311757005
1.63 -466.735159322373
1.64 -466.677156979933
1.65 -466.621283710512
1.66 -466.567516823455
1.67 -466.515821743225
1.68 -466.466167206976
1.69 -466.418509308836
1.7 -466.37280911152
1.71 -466.329017241596
1.72 -466.287085608592
1.73 -466.246961703273
1.74 -466.208590900705
1.75 -466.171919049267
1.76 -466.136886954458
1.77 -466.10343611975
1.78 -466.071507295686
1.79 -466.041036012692
1.8 -466.011962051123
1.81 -465.984222469112
1.82 -465.957752354921
1.83 -465.932487624614
1.84 -465.908362462315
1.85 -465.885310029936
1.86 -465.863265627935
1.87 -465.84216142066
1.88 -465.821929651984
1.89 -465.802502798632
1.9 -465.783816611324
1.91 -465.765799031451
1.92 -465.748384682542
1.93 -465.731505173538
1.94 -465.715095266229
1.95 -465.699085539291
1.96 -465.683410178355
1.97 -465.668004839168
1.98 -465.652805421554
1.99 -465.637746648047
2 -465.622767091007
2.01 -465.60780881521
2.02 -465.592811690636
2.03 -465.577718623538
2.04 -465.562476787768
2.05 -465.547037205917
2.06 -465.531350392072
2.07 -465.515370729181
2.08 -465.499059814139
2.09 -465.482379909059
2.1 -465.465295993074
2.11 -465.447783566544
2.12 -465.429816495584
2.13 -465.411377848197
2.14 -465.392454358786
2.15 -465.373036863706
2.16 -465.353124619867
2.17 -465.332719926653
2.18 -465.311833990154
2.19 -465.290480952752
2.2 -465.268683919361
2.21 -465.246467726085
2.22 -465.223870139793
2.23 -465.200928667125
2.24 -465.177690520133
2.25 -465.154206151558
2.26 -465.130534423069
2.27 -465.106736719409
2.28 -465.082882936475
2.29 -465.059047455409
2.3 -465.035306240152
2.31 -465.011743369474
2.32 -464.988444715331
2.33 -464.965501235753
2.34 -464.943007275613
2.35 -464.921058604277
2.36 -464.899753110816
2.37 -464.879191998437
2.38 -464.859476558161
2.39 -464.84070990575
2.4 -464.822993894693
2.41 -464.806432344283
2.42 -464.79112618438
2.43 -464.777175002549
2.44 -464.764676840337
2.45 -464.753729563644
2.46 -464.744421706616
2.47 -464.736844310186
2.48 -464.731082335368
2.49 -464.72721582557
2.5 -464.725320012973
2.51 -464.725462690264
2.52 -464.72771007434
2.53 -464.732115024205
2.54 -464.738731844412
2.55 -464.747601535751
2.56 -464.758761062097
2.57 -464.772237237794
2.58 -464.788051835506
2.59 -464.806214511376
2.6 -464.826731673652
2.61 -464.849597046157
2.62 -464.874797435621
2.63 -464.902313031319
2.64 -464.932112518247
2.65 -464.964157154648
2.66 -464.998401263108
2.67 -465.034789017965
2.68 -465.073258604111
2.69 -465.113737866787
2.7 -465.156149645169
2.71 -465.200406921044
2.72 -465.246418587056
2.73 -465.294084610263
2.74 -465.34329835671
2.75 -465.393950220734
2.76 -465.445920762418
2.77 -465.499090019619
2.78 -465.553329934177
2.79 -465.608510696033
2.8 -465.664495783728
2.81 -465.721150115535
2.82 -465.778330858146
2.83 -465.835896674203
2.84 -465.89370359583
2.85 -465.951605969853
2.86 -466.009458369958
2.87 -466.067114520363
2.88 -466.124428090655
2.89 -466.181255563717
2.9 -466.237453097906
2.91 -466.292879088731
2.92 -466.347394206662
2.93 -466.400862041048
2.94 -466.453148591022
2.95 -466.504125476975
2.96 -466.553665269608
2.97 -466.601647049653
2.98 -466.647953097626
2.99 -466.692471816424
3 -466.735096636935
3.01 -466.775726053857
3.02 -466.814264230237
3.03 -466.850620990745
3.04 -466.884714342746
3.05 -466.916466068052
3.06 -466.945806252564
3.07 -466.972670779577
3.08 -466.997003345246
3.09 -467.01875268533
3.1 -467.037876588989
3.11 -467.054338415559
3.12 -467.068109652552
3.13 -467.07916766615
3.14 -467.087497655433
3.15 -467.093091945166
3.16 -467.095949671867
3.17 -467.096076604868
3.18 -467.093485994605
3.19 -467.088197235229
3.2 -467.080237687741
3.21 -467.069638677462
3.22 -467.056441603828
3.23 -467.040690735503
3.24 -467.02243906426
3.25 -467.001743630664
3.26 -466.978669118339
3.27 -466.953283904695
3.28 -466.925663013692
3.29 -466.895886666986
3.3 -466.864040057294
3.31 -466.830211183383
3.32 -466.794495605982
3.33 -466.756990740276
3.34 -466.717799285707
3.35 -466.677027010084
3.36 -466.634782412518
3.37 -466.591178649796
3.38 -466.546330262807
3.39 -466.500354769853
3.4 -466.45337229674
3.41 -466.405504048395
3.42 -466.35687309717
3.43 -466.307603350993
3.44 -466.257820190854
3.45 -466.207648854488
3.46 -466.157214877079
3.47 -466.106644385815
3.48 -466.056060985499
3.49 -466.005589858278
3.5 -465.955353125605
3.51 -465.905472659501
3.52 -465.856066883597
3.53 -465.80725345675
3.54 -465.7591466619
3.55 -465.711858309048
3.56 -465.665496772169
3.57 -465.620166795698
3.58 -465.575969875093
3.59 -465.533002906699
3.6 -465.49135911956
3.61 -465.451125797362
3.62 -465.412387143812
3.63 -465.375221882052
3.64 -465.339702706088
3.65 -465.305897167707
3.66 -465.273868263904
3.67 -465.243671741559
3.68 -465.215359134364
3.69 -465.188973963632
3.7 -465.164556297891
3.71 -465.142137941961
3.72 -465.121745644327
3.73 -465.103399578852
3.74 -465.087114268531
3.75 -465.072898002849
3.76 -465.060752072853
3.77 -465.050673301279
3.78 -465.042651518306
3.79 -465.036671323184
3.8 -465.032710997531
3.81 -465.030744017021
3.82 -465.03073879796
3.83 -465.032656847681
3.84 -465.036456806091
3.85 -465.04209166437
3.86 -465.049509948435
3.87 -465.058655713319
3.88 -465.069469560478
3.89 -465.081888127631
3.9 -465.095844258909
3.91 -465.111268605744
3.92 -465.128087604527
3.93 -465.146226594103
3.94 -465.165607372627
3.95 -465.186151061266
3.96 -465.207775999753
3.97 -465.23039968177
3.98 -465.253939177882
3.99 -465.278310039522
4 -465.303427732005
4.01 -465.329207717201
4.02 -465.355565708823
4.03 -465.382417669623
4.04 -465.409680571739
4.05 -465.437272058554
4.06 -465.465111792812
4.07 -465.493120278226
4.08 -465.521220247653
4.09 -465.549336285796
4.1 -465.577395165042
4.11 -465.60532622511
4.12 -465.633061372814
4.13 -465.660535335579
4.14 -465.687685575667
4.15 -465.71445300777
4.16 -465.740781619445
4.17 -465.76661834381
4.18 -465.791914114724
4.19 -465.816623106488
4.2 -465.840702777209
4.21 -465.864114774102
4.22 -465.886823901408
4.23 -465.9087988157
4.24 -465.930011794139
4.25 -465.950438881904
4.26 -465.970059555172
4.27 -465.988856931937
4.28 -466.006817666422
4.29 -466.023932012793
4.3 -466.04019339306
4.31 -466.055598639373
4.32 -466.070147741338
4.33 -466.083843888345
4.34 -466.096693032234
4.35 -466.108704103817
4.36 -466.119888717145
4.37 -466.130261025758
4.38 -466.139837524451
4.39 -466.148637039305
4.4 -466.156680401019
4.41 -466.163990373408
4.42 -466.170591518956
4.43 -466.176509863292
4.44 -466.181772873644
4.45 -466.186409232809
4.46 -466.19044866451
4.47 -466.193921719914
4.48 -466.196859619119
4.49 -466.199294163023
4.5 -466.201257409592
4.51 -466.202781650103
4.52 -466.203899130166
4.53 -466.204641976061
4.54 -466.205042031508
4.55 -466.205130644557
4.56 -466.204938604251
4.57 -466.204495967072
4.58 -466.203831983172
4.59 -466.202974904269
4.6 -466.201951957268
4.61 -466.200789183779
4.62 -466.199511405892
4.63 -466.198142102399
4.64 -466.19670340368
4.65 -466.195215962569
4.66 -466.193698963731
4.67 -466.192170068296
4.68 -466.190645400743
4.69 -466.189139514696
4.7 -466.187665428461
4.71 -466.186234576352
4.72 -466.184856885021
4.73 -466.183540778756
4.74 -466.182293193957
4.75 -466.181119661414
4.76 -466.180024340525
4.77 -466.17901009369
4.78 -466.178078542899
4.79 -466.177230161886
4.8 -466.176464355757
4.81 -466.175779547549
4.82 -466.175173279903
4.83 -466.174642308035
4.84 -466.174182705532
4.85 -466.173789971296
4.86 -466.173459133368
4.87 -466.173184860237
4.88 -466.172961568649
4.89 -466.172783530678
4.9 -466.172644981599
4.91 -466.17254022297
4.92 -466.172463723849
4.93 -466.172410217886
4.94 -466.172374795196
4.95 -466.172352988855
4.96 -466.172340855059
4.97 -466.172335046096
4.98 -466.172332875579
4.99 -466.172332375244
5 -466.172332342705
5.01 -466.172332342705
5.02 -466.172332342705
5.03 -466.172332342705
5.04 -466.172332342705
5.05 -466.172332342705
5.06 -466.172332342705
5.07 -466.172332342705
5.08 -466.172332342705
5.09 -466.172332342705
5.1 -466.172332342705
5.11 -466.172332342705
5.12 -466.172332342705
5.13 -466.172332342705
5.14 -466.172332342705
5.15 -466.172332342705
5.16 -466.172332342705
5.17 -466.172332342705
5.18 -466.172332342705
5.19 -466.172332342705
5.2 -466.172332342705
5.21 -466.172332342705
5.22 -466.172332342705
5.23 -466.172332342705
5.24 -466.172332342705
5.25 -466.172332342705
5.26 -466.172332342705
5.27 -466.172332342705
5.28 -466.172332342705
5.29 -466.172332342705
5.3 -466.172332342705
5.31 -466.172332342705
5.32 -466.172332342705
5.33 -466.172332342705
5.34 -466.172332342705
5.35 -466.172332342705
5.36 -466.172332342705
5.37 -466.172332342705
5.38 -466.172332342705
5.39 -466.172332342705
5.4 -466.172332342705
5.41 -466.172332342705
5.42 -466.172332342705
5.43 -466.172332342705
5.44 -466.172332342705
5.45 -466.172332342705
5.46 -466.172332342705
5.47 -466.172332342705
5.48 -466.172332342705
5.49 -466.172332342705
5.5 -466.172332342705
5.51 -466.172332342705
5.52 -466.172332342705
5.53 -466.172332342705
5.54 -466.172332342705
5.55 -466.172332342705
5.56 -466.172332342705
5.57 -466.172332342705
5.58 -466.172332342705
5.59 -466.172332342705
5.6 -466.172332342705
5.61 -466.172332342705
5.62 -466.172332342705
5.63 -466.172332342705
5.64 -466.172332342705
5.65 -466.172332342705
5.66 -466.172332342705
5.67 -466.172332342705
5.68 -466.172332342705
5.69 -466.172332342705
5.7 -466.172332342705
5.71 -466.172332342705
5.72 -466.172332342705
5.73 -466.172332342705
5.74 -466.172332342705
5.75 -466.172332342705
5.76 -466.172332342705
5.77 -466.172332342705
5.78 -466.172332342705
5.79 -466.172332342705
5.8 -466.172332342705
5.81 -466.172332342705
5.82 -466.172332342705
5.83 -466.172332342705
5.84 -466.172332342705
5.85 -466.172332342705
5.86 -466.172332342705
5.87 -466.172332342705
5.88 -466.172332342705
5.89 -466.172332342705
5.9 -466.172332342705
5.91 -466.172332342705
5.92 -466.172332342705
5.93 -466.172332342705
5.94 -466.172332342705
5.95 -466.172332342705
5.96 -466.172332342705
5.97 -466.172332342705
5.98 -466.172332342705
5.99 -466.172332342705
6 -466.172332342705
6.01 -466.172332342705
6.02 -466.172332342705
6.03 -466.172332342705
6.04 -466.172332342705
6.05 -466.172332342705
6.06 -466.172332342705
6.07 -466.172332342705
6.08 -466.172332342705
6.09 -466.172332342705
6.1 -466.172332342705
6.11 -466.172332342705
6.12 -466.172332342705
6.13 -466.172332342705
6.14 -466.172332342705
6.15 -466.172332342705
6.16 -466.172332342705
6.17 -466.172332342705
6.18 -466.172332342705
6.19 -466.172332342705
6.2 -466.172332342705
6.21 -466.172332342705
6.22 -466.172332342705
6.23 -466.172332342705
6.24 -466.172332342705
6.25 -466.172332342705
6.26 -466.172332342705
6.27 -466.172332342705
6.28 -466.172332342705
6.29 -466.172332342705
6.3 -466.172332342705
6.31 -466.172332342705
6.32 -466.172332342705
6.33 -466.172332342705
6.34 -466.172332342705
6.35 -466.172332342705
6.36 -466.172332342705
6.37 -466.172332342705
6.38 -466.172332342705
6.39 -466.172332342705
6.4 -466.172332342705
6.41 -466.172332342705
6.42 -466.172332342705
6.43 -466.172332342705
6.44 -466.172332342705
6.45 -466.172332342705
6.46 -466.172332342705
6.47 -466.172332342705
6.48 -466.172332342705
6.49 -466.172332342705
6.5 -466.172332342705
6.51 -466.172332342705
6.52 -466.172332342705
6.53 -466.172332342705
6.54 -466.172332342705
6.55 -466.172332342705
6.56 -466.172332342705
6.57 -466.172332342705
6.58 -466.172332342705
6.59 -466.172332342705
6.6 -466.172332342705
6.61 -466.172332342705
6.62 -466.172332342705
6.63 -466.172332342705
6.64 -466.172332342705
6.65 -466.172332342705
6.66 -466.172332342705
6.67 -466.172332342705
6.68 -466.172332342705
6.69 -466.172332342705
6.7 -466.172332342705
6.71 -466.172332342705
6.72 -466.172332342705
6.73 -466.172332342705
6.74 -466.172332342705
6.75 -466.172332342705
6.76 -466.172332342705
6.77 -466.172332342705
6.78 -466.172332342705
6.79 -466.172332342705
6.8 -466.172332342705
6.81 -466.172332342705
6.82 -466.172332342705
6.83 -466.172332342705
6.84 -466.172332342705
6.85 -466.172332342705
6.86 -466.172332342705
6.87 -466.172332342705
6.88 -466.172332342705
6.89 -466.172332342705
6.9 -466.172332342705
6.91 -466.172332342705
6.92 -466.172332342705
6.93 -466.172332342705
6.94 -466.172332342705
6.95 -466.172332342705
6.96 -466.172332342705
6.97 -466.172332342705
6.98 -466.172332342705
6.99 -466.172332342705
7 -466.172332342705
7.01 -466.172332342705
7.02 -466.172332342705
7.03 -466.172332342705
7.04 -466.172332342705
7.05 -466.172332342705
7.06 -466.172332342705
7.07 -466.172332342705
7.08 -466.172332342705
7.09 -466.172332342705
7.1 -466.172332342705
7.11 -466.172332342705
7.12 -466.172332342705
7.13 -466.172332342705
7.14 -466.172332342705
7.15 -466.172332342705
7.16 -466.172332342705
7.17 -466.172332342705
7.18 -466.172332342705
7.19 -466.172332342705
7.2 -466.172332342705
7.21 -466.172332342705
7.22 -466.172332342705
7.23 -466.172332342705
7.24 -466.172332342705
7.25 -466.172332342705
7.26 -466.172332342705
7.27 -466.172332342705
7.28 -466.172332342705
7.29 -466.172332342705
7.3 -466.172332342705
7.31 -466.172332342705
7.32 -466.172332342705
7.33 -466.172332342705
7.34 -466.172332342705
7.35 -466.172332342705
7.36 -466.172332342705
7.37 -466.172332342705
7.38 -466.172332342705
7.39 -466.172332342705
7.4 -466.172332342705
7.41 -466.172332342705
7.42 -466.172332342705
7.43 -466.172332342705
7.44 -466.172332342705
7.45 -466.172332342705
7.46 -466.172332342705
7.47 -466.172332342705
7.48 -466.172332342705
7.49 -466.172332342705
7.5 -466.172332342705
7.51 -466.172332342705
7.52 -466.172332342705
7.53 -466.172332342705
7.54 -466.172332342705
7.55 -466.172332342705
7.56 -466.172332342705
7.57 -466.172332342705
7.58 -466.172332342705
7.59 -466.172332342705
7.6 -466.172332342705
7.61 -466.172332342705
7.62 -466.172332342705
7.63 -466.172332342705
7.64 -466.172332342705
7.65 -466.172332342705
7.66 -466.172332342705
7.67 -466.172332342705
7.68 -466.172332342705
7.69 -466.172332342705
7.7 -466.172332342705
7.71 -466.172332342705
7.72 -466.172332342705
7.73 -466.172332342705
7.74 -466.172332342705
7.75 -466.172332342705
7.76 -466.172332342705
7.77 -466.172332342705
7.78 -466.172332342705
7.79 -466.172332342705
7.8 -466.172332342705
7.81 -466.172332342705
7.82 -466.172332342705
7.83 -466.172332342705
7.84 -466.172332342705
7.85 -466.172332342705
7.86 -466.172332342705
7.87 -466.172332342705
7.88 -466.172332342705
7.89 -466.172332342705
7.9 -466.172332342705
7.91 -466.172332342705
7.92 -466.172332342705
7.93 -466.172332342705
7.94 -466.172332342705
7.95 -466.172332342705
7.96 -466.172332342705
7.97 -466.172332342705
7.98 -466.172332342705
7.99 -466.172332342705
8 -466.172332342705
8.01 -466.172332342705
8.02 -466.172332342705
8.03 -466.172332342705
8.04 -466.172332342705
8.05 -466.172332342705
8.06 -466.172332342705
8.07 -466.172332342705
8.08 -466.172332342705
8.09 -466.172332342705
8.1 -466.172332342705
8.11 -466.172332342705
8.12 -466.172332342705
8.13 -466.172332342705
8.14 -466.172332342705
8.15 -466.172332342705
8.16 -466.172332342705
8.17 -466.172332342705
8.18 -466.172332342705
8.19 -466.172332342705
8.2 -466.172332342705
8.21 -466.172332342705
8.22 -466.172332342705
8.23 -466.172332342705
8.24 -466.172332342705
8.25 -466.172332342705
8.26 -466.172332342705
8.27 -466.172332342705
8.28 -466.172332342705
8.29 -466.172332342705
8.3 -466.172332342705
8.31 -466.172332342705
8.32 -466.172332342705
8.33 -466.172332342705
8.34 -466.172332342705
8.35 -466.172332342705
8.36 -466.172332342705
8.37 -466.172332342705
8.38 -466.172332342705
8.39 -466.172332342705
8.4 -466.172332342705
8.41 -466.172332342705
8.42 -466.172332342705
8.43 -466.172332342705
8.44 -466.172332342705
8.45 -466.172332342705
8.46 -466.172332342705
8.47 -466.172332342705
8.48 -466.172332342705
8.49 -466.172332342705
8.5 -466.172332342705
8.51 -466.172332342705
8.52 -466.172332342705
8.53 -466.172332342705
8.54 -466.172332342705
8.55 -466.172332342705
8.56 -466.172332342705
8.57 -466.172332342705
8.58 -466.172332342705
8.59 -466.172332342705
8.6 -466.172332342705
8.61 -466.172332342705
8.62 -466.172332342705
8.63 -466.172332342705
8.64 -466.172332342705
8.65 -466.172332342705
8.66 -466.172332342705
8.67 -466.172332342705
8.68 -466.172332342705
8.69 -466.172332342705
8.7 -466.172332342705
8.71 -466.172332342705
8.72 -466.172332342705
8.73 -466.172332342705
8.74 -466.172332342705
8.75 -466.172332342705
8.76 -466.172332342705
8.77 -466.172332342705
8.78 -466.172332342705
8.79 -466.172332342705
8.8 -466.172332342705
8.81 -466.172332342705
8.82 -466.172332342705
8.83 -466.172332342705
8.84 -466.172332342705
8.85 -466.172332342705
8.86 -466.172332342705
8.87 -466.172332342705
8.88 -466.172332342705
8.89 -466.172332342705
8.9 -466.172332342705
8.91 -466.172332342705
8.92 -466.172332342705
8.93 -466.172332342705
8.94 -466.172332342705
8.95 -466.172332342705
8.96 -466.172332342705
8.97 -466.172332342705
8.98 -466.172332342705
8.99 -466.172332342705
9 -466.172332342705
9.01 -466.172332342705
9.02 -466.172332342705
9.03 -466.172332342705
9.04 -466.172332342705
9.05 -466.172332342705
9.06 -466.172332342705
9.07 -466.172332342705
9.08 -466.172332342705
9.09 -466.172332342705
9.1 -466.172332342705
9.11 -466.172332342705
9.12 -466.172332342705
9.13 -466.172332342705
9.14 -466.172332342705
9.15 -466.172332342705
9.16 -466.172332342705
9.17 -466.172332342705
9.18 -466.172332342705
9.19 -466.172332342705
9.2 -466.172332342705
9.21 -466.172332342705
9.22 -466.172332342705
9.23 -466.172332342705
9.24 -466.172332342705
9.25 -466.172332342705
9.26 -466.172332342705
9.27 -466.172332342705
9.28 -466.172332342705
9.29 -466.172332342705
9.3 -466.172332342705
9.31 -466.172332342705
9.32 -466.172332342705
9.33 -466.172332342705
9.34 -466.172332342705
9.35 -466.172332342705
9.36 -466.172332342705
9.37 -466.172332342705
9.38 -466.172332342705
9.39 -466.172332342705
9.4 -466.172332342705
9.41 -466.172332342705
9.42 -466.172332342705
9.43 -466.172332342705
9.44 -466.172332342705
9.45 -466.172332342705
9.46 -466.172332342705
9.47 -466.172332342705
9.48 -466.172332342705
9.49 -466.172332342705
9.5 -466.172332342705
9.51 -466.172332342705
9.52 -466.172332342705
9.53 -466.172332342705
9.54 -466.172332342705
9.55 -466.172332342705
9.56 -466.172332342705
9.57 -466.172332342705
9.58 -466.172332342705
9.59 -466.172332342705
9.6 -466.172332342705
9.61 -466.172332342705
9.62 -466.172332342705
9.63 -466.172332342705
9.64 -466.172332342705
9.65 -466.172332342705
9.66 -466.172332342705
9.67 -466.172332342705
9.68 -466.172332342705
9.69 -466.172332342705
9.7 -466.172332342705
9.71 -466.172332342705
9.72 -466.172332342705
9.73 -466.172332342705
9.74 -466.172332342705
9.75 -466.172332342705
9.76 -466.172332342705
9.77 -466.172332342705
9.78 -466.172332342705
9.79 -466.172332342705
9.8 -466.172332342705
9.81 -466.172332342705
9.82 -466.172332342705
9.83 -466.172332342705
9.84 -466.172332342705
9.85 -466.172332342705
9.86 -466.172332342705
9.87 -466.172332342705
9.88 -466.172332342705
9.89 -466.172332342705
9.9 -466.172332342705
9.91 -466.172332342705
9.92 -466.172332342705
9.93 -466.172332342705
9.94 -466.172332342705
9.95 -466.172332342705
9.96 -466.172332342705
9.97 -466.172332342705
9.98 -466.172332342705
9.99 -466.172332342705
10 -466.172332342705
