# End points of segments: 
#   0.00000000 0.23517600 0.37095490 0.64251270 
0.000000 -0.010893
0.002352 0.007165
0.004704 -0.004506
0.007055 0.008244
0.009407 0.025043
0.011759 0.045733
0.014111 0.070836
0.016462 0.100415
0.018814 0.134481
0.021166 0.173024
0.023518 0.216032
0.025869 0.263484
0.028221 0.315361
0.030573 0.371636
0.032925 0.432283
0.035276 0.497274
0.037628 0.566576
0.039980 0.640156
0.042332 0.717979
0.044683 0.800005
0.047035 0.886196
0.049387 0.976508
0.051739 1.070898
0.054090 1.169320
0.056442 1.271725
0.058794 1.378062
0.061146 1.488280
0.063497 1.602324
0.065849 1.720138
0.068201 1.841665
0.070553 1.966845
0.072905 2.095617
0.075256 2.227917
0.077608 2.363682
0.079960 2.502844
0.082312 2.645336
0.084663 2.791089
0.087015 2.940033
0.089367 3.092096
0.091719 3.247205
0.094070 3.405285
0.096422 3.566261
0.098774 3.730056
0.101126 3.896594
0.103477 4.065795
0.105829 4.237581
0.108181 4.411871
0.110533 4.588584
0.112884 4.767638
0.115236 4.948950
0.117588 5.132438
0.119940 5.318018
0.122291 5.505603
0.124643 5.695110
0.126995 5.886450
0.129347 6.079538
0.131699 6.274285
0.134050 6.470601
0.136402 6.668397
0.138754 6.867581
0.141106 7.068059
0.143457 7.269738
0.145809 7.472520
0.148161 7.676308
0.150513 7.880999
0.152864 8.086491
0.155216 8.292675
0.157568 8.499440
0.159920 8.706672
0.162271 8.914249
0.164623 9.122044
0.166975 9.329924
0.169327 9.537747
0.171679 9.745363
0.174030 9.952610
0.176382 10.159312
0.178734 10.365283
0.181086 10.570314
0.183437 10.774182
0.185789 10.976635
0.188141 11.177398
0.190493 11.376163
0.192844 11.572583
0.195196 11.766270
0.197548 11.956781
0.199900 12.143616
0.202251 12.326204
0.204603 12.503893
0.206955 12.675938
0.209307 12.841487
0.211658 12.999574
0.214010 13.149102
0.216362 13.288845
0.218714 13.417446
0.221065 13.533436
0.223417 13.635268
0.225769 13.721374
0.228121 13.790245
0.230472 13.840535
0.232824 13.871173
0.235176 13.881465

0.235176 13.881465
0.236534 13.881698
0.237892 13.882396
0.239249 13.883559
0.240607 13.885188
0.241965 13.887283
0.243323 13.889844
0.244680 13.892873
0.246038 13.896371
0.247396 13.900337
0.248754 13.904773
0.250112 13.909681
0.251470 13.915061
0.252827 13.920915
0.254185 13.927244
0.255543 13.934051
0.256901 13.941337
0.258258 13.949103
0.259616 13.957353
0.260974 13.966088
0.262332 13.975310
0.263690 13.985022
0.265047 13.995227
0.266405 14.005927
0.267763 14.017125
0.269121 14.028824
0.270479 14.041028
0.271836 14.053739
0.273194 14.066961
0.274552 14.080697
0.275910 14.094952
0.277268 14.109728
0.278625 14.125031
0.279983 14.140864
0.281341 14.157230
0.282699 14.174135
0.284056 14.191584
0.285414 14.209579
0.286772 14.228127
0.288130 14.247232
0.289488 14.266899
0.290845 14.287134
0.292203 14.307940
0.293561 14.329324
0.294919 14.351290
0.296276 14.373845
0.297634 14.396994
0.298992 14.420742
0.300350 14.445096
0.301708 14.470060
0.303065 14.495641
0.304423 14.521844
0.305781 14.548676
0.307139 14.576143
0.308497 14.604250
0.309854 14.633003
0.311212 14.662409
0.312570 14.692473
0.313928 14.723202
0.315285 14.754602
0.316643 14.786678
0.318001 14.819436
0.319359 14.852882
0.320717 14.887023
0.322074 14.921863
0.323432 14.957409
0.324790 14.993666
0.326148 15.030639
0.327506 15.068333
0.328863 15.106755
0.330221 15.145909
0.331579 15.185799
0.332937 15.226430
0.334295 15.267808
0.335652 15.309936
0.337010 15.352818
0.338368 15.396458
0.339726 15.440860
0.341083 15.486027
0.342441 15.531963
0.343799 15.578669
0.345157 15.626150
0.346515 15.674406
0.347872 15.723440
0.349230 15.773254
0.350588 15.823849
0.351946 15.875225
0.353304 15.927384
0.354661 15.980326
0.356019 16.034050
0.357377 16.088557
0.358735 16.143845
0.360093 16.199912
0.361450 16.256759
0.362808 16.314381
0.364166 16.372778
0.365524 16.431946
0.366882 16.491881
0.368239 16.552580
0.369597 16.614040
0.370955 16.676254

0.370955 16.676254
0.373671 16.548864
0.376386 16.417060
0.379102 16.280853
0.381817 16.140266
0.384533 15.995326
0.387248 15.846070
0.389964 15.692543
0.392680 15.534796
0.395395 15.372888
0.398111 15.206888
0.400826 15.036868
0.403542 14.862908
0.406257 14.685097
0.408973 14.503527
0.411689 14.318299
0.414404 14.129515
0.417120 13.937288
0.419835 13.741732
0.422551 13.542967
0.425266 13.341117
0.427982 13.136312
0.430698 12.928683
0.433413 12.718365
0.436129 12.505499
0.438844 12.290225
0.441560 12.072688
0.444275 11.853034
0.446991 11.631412
0.449707 11.407972
0.452422 11.182868
0.455138 10.956251
0.457853 10.728276
0.460569 10.499100
0.463285 10.268877
0.466000 10.037766
0.468716 9.805924
0.471431 9.573507
0.474147 9.340675
0.476863 9.107584
0.479578 8.874393
0.482294 8.641259
0.485009 8.408340
0.487725 8.175792
0.490440 7.943773
0.493156 7.712438
0.495872 7.481943
0.498587 7.252443
0.501303 7.024092
0.504018 6.797043
0.506734 6.571448
0.509449 6.347460
0.512165 6.125229
0.514881 5.904903
0.517596 5.686632
0.520312 5.470562
0.523027 5.256839
0.525743 5.045608
0.528459 4.837010
0.531174 4.631188
0.533890 4.428281
0.536605 4.228425
0.539321 4.031758
0.542036 3.838414
0.544752 3.648523
0.547467 3.462215
0.550183 3.279618
0.552899 3.100857
0.555614 2.926054
0.558330 2.755328
0.561045 2.588797
0.563761 2.426574
0.566477 2.268772
0.569192 2.115498
0.571908 1.966858
0.574623 1.822953
0.577339 1.683882
0.580054 1.549740
0.582770 1.420619
0.585486 1.296608
0.588201 1.177791
0.590917 1.064249
0.593632 0.956059
0.596348 0.853296
0.599063 0.756028
0.601779 0.664322
0.604495 0.578240
0.607210 0.497840
0.609926 0.423176
0.612641 0.354297
0.615357 0.291250
0.618073 0.234076
0.620788 0.182813
0.623504 0.137490
0.626219 0.098133
0.628935 0.064754
0.631650 0.037331
0.634366 0.015665
0.637082 -0.004705
0.639797 0.006225
0.642513 -0.010893


0.000000 -0.010893
0.002352 0.315197
0.004704 0.630551
0.007055 0.945595
0.009407 1.260253
0.011759 1.574412
0.014111 1.887955
0.016462 2.200764
0.018814 2.512719
0.021166 2.823698
0.023518 3.133581
0.025869 3.442247
0.028221 3.749573
0.030573 4.055444
0.032925 4.359745
0.035276 4.662370
0.037628 4.963221
0.039980 5.262207
0.042332 5.559246
0.044683 5.854263
0.047035 6.147187
0.049387 6.437948
0.051739 6.726478
0.054090 7.012703
0.056442 7.296548
0.058794 7.577934
0.061146 7.856781
0.063497 8.133010
0.065849 8.406545
0.068201 8.677319
0.070553 8.945276
0.072905 9.210370
0.075256 9.472568
0.077608 9.731848
0.079960 9.988194
0.082312 10.241596
0.084663 10.492046
0.087015 10.739532
0.089367 10.984035
0.091719 11.225532
0.094070 11.463990
0.096422 11.699374
0.098774 11.931642
0.101126 12.160752
0.103477 12.386665
0.105829 12.609344
0.108181 12.828759
0.110533 13.044885
0.112884 13.257705
0.115236 13.467204
0.117588 13.673371
0.119940 13.876195
0.122291 14.075666
0.124643 14.271768
0.126995 14.464485
0.129347 14.653795
0.131699 14.839671
0.134050 15.022084
0.136402 15.201002
0.138754 15.376391
0.141106 15.548213
0.143457 15.716433
0.145809 15.881016
0.148161 16.041926
0.150513 16.199130
0.152864 16.352596
0.155216 16.502295
0.157568 16.648196
0.159920 16.790271
0.162271 16.928490
0.164623 17.062824
0.166975 17.193239
0.169327 17.319701
0.171679 17.442169
0.174030 17.560601
0.176382 17.674954
0.178734 17.785181
0.181086 17.891233
0.183437 17.993066
0.185789 18.090636
0.188141 18.183903
0.190493 18.272830
0.192844 18.357386
0.195196 18.437542
0.197548 18.513275
0.199900 18.584561
0.202251 18.651376
0.204603 18.713700
0.206955 18.771510
0.209307 18.824781
0.211658 18.873491
0.214010 18.917617
0.216362 18.957138
0.218714 18.992036
0.221065 19.022298
0.223417 19.047912
0.225769 19.006465
0.228121 18.944476
0.230472 18.899100
0.232824 18.871409
0.235176 18.862099

0.235176 18.862099
0.236534 18.862011
0.237892 18.861749
0.239249 18.861311
0.240607 18.860696
0.241965 18.859903
0.243323 18.858930
0.244680 18.857775
0.246038 18.856436
0.247396 18.854909
0.248754 18.853191
0.250112 18.851278
0.251470 18.849166
0.252827 18.846851
0.254185 18.844328
0.255543 18.841591
0.256901 18.838635
0.258258 18.835453
0.259616 18.832040
0.260974 18.828388
0.262332 18.824491
0.263690 18.820340
0.265047 18.815928
0.266405 18.811247
0.267763 18.806288
0.269121 18.801043
0.270479 18.795501
0.271836 18.789653
0.273194 18.783490
0.274552 18.777001
0.275910 18.770176
0.277268 18.763004
0.278625 18.755473
0.279983 18.747573
0.281341 18.739292
0.282699 18.730617
0.284056 18.721536
0.285414 18.712038
0.286772 18.702109
0.288130 18.691737
0.289488 18.680907
0.290845 18.669608
0.292203 18.657825
0.293561 18.645545
0.294919 18.632754
0.296276 18.619437
0.297634 18.605581
0.298992 18.591172
0.300350 18.576194
0.301708 18.560633
0.303065 18.544476
0.304423 18.527706
0.305781 18.510310
0.307139 18.492273
0.308497 18.473579
0.309854 18.454214
0.311212 18.434164
0.312570 18.413413
0.313928 18.391947
0.315285 18.369750
0.316643 18.346809
0.318001 18.323109
0.319359 18.298636
0.320717 18.273374
0.322074 18.247311
0.323432 18.220432
0.324790 18.192722
0.326148 18.164169
0.327506 18.134759
0.328863 18.104479
0.330221 18.073316
0.331579 18.041256
0.332937 18.008288
0.334295 17.974399
0.335652 17.939577
0.337010 17.903811
0.338368 17.867089
0.339726 17.829400
0.341083 17.790733
0.342441 17.751079
0.343799 17.710427
0.345157 17.668767
0.346515 17.626092
0.347872 17.582391
0.349230 17.537656
0.350588 17.491880
0.351946 17.445055
0.353304 17.397173
0.354661 17.348230
0.356019 17.298217
0.357377 17.247130
0.358735 17.194963
0.360093 17.141711
0.361450 17.087371
0.362808 17.031939
0.364166 16.975410
0.365524 16.917784
0.366882 16.859056
0.368239 16.799226
0.369597 16.738293
0.370955 16.676254

0.370955 16.676254
0.373671 16.802929
0.376386 16.932558
0.379102 17.065091
0.381817 17.200466
0.384533 17.338618
0.387248 17.479473
0.389964 17.622951
0.392680 17.768964
0.395395 17.917418
0.398111 18.068213
0.400826 18.221244
0.403542 18.376396
0.406257 18.533553
0.408973 18.692590
0.411689 18.853379
0.414404 19.015787
0.417120 19.179675
0.419835 19.344902
0.422551 19.511322
0.425266 19.678785
0.427982 19.847139
0.430698 20.016230
0.433413 20.185900
0.436129 20.355991
0.438844 20.526342
0.441560 20.696792
0.444275 20.867179
0.446991 21.037340
0.449707 21.207114
0.452422 21.376338
0.455138 21.544853
0.457853 21.712498
0.460569 21.879116
0.463285 22.044551
0.466000 22.208650
0.468716 21.872709
0.471431 21.528660
0.474147 21.184764
0.476863 20.841303
0.479578 20.498533
0.482294 20.156682
0.485009 19.815944
0.487725 19.476481
0.490440 19.138420
0.493156 18.801857
0.495872 18.466852
0.498587 18.133436
0.501303 17.801607
0.504018 17.471335
0.506734 17.142563
0.509449 16.815203
0.512165 16.489143
0.514881 16.164248
0.517596 15.840358
0.520312 15.517293
0.523027 15.194860
0.525743 14.872852
0.528459 14.551055
0.531174 14.229256
0.533890 13.907244
0.536605 13.584814
0.539321 13.261772
0.542036 12.937936
0.544752 12.613137
0.547467 12.287219
0.550183 11.960040
0.552899 11.631474
0.555614 11.301407
0.558330 10.969743
0.561045 10.636401
0.563761 10.301321
0.566477 9.964458
0.569192 9.625792
0.571908 9.285317
0.574623 8.943047
0.577339 8.599012
0.580054 8.253255
0.582770 7.905827
0.585486 7.556789
0.588201 7.206210
0.590917 6.854160
0.593632 6.500717
0.596348 6.145962
0.599063 5.789981
0.601779 5.432866
0.604495 5.074712
0.607210 4.715617
0.609926 4.355679
0.612641 3.994995
0.615357 3.633659
0.618073 3.271756
0.620788 2.909366
0.623504 2.546559
0.626219 2.183397
0.628935 1.819937
0.631650 1.456229
0.634366 1.092320
0.637082 0.728250
0.639797 0.364028
0.642513 -0.010893


0.000000 0.009797
0.002352 0.556104
0.004704 1.111988
0.007055 1.667081
0.009407 2.221044
0.011759 2.773529
0.014111 3.324200
0.016462 3.872734
0.018814 4.418822
0.021166 4.962171
0.023518 5.502496
0.025869 6.039528
0.028221 6.573010
0.030573 7.102699
0.032925 7.628373
0.035276 8.149831
0.037628 8.666899
0.039980 9.179431
0.042332 9.687316
0.044683 10.190473
0.047035 10.688852
0.049387 11.182434
0.051739 11.671225
0.054090 12.155255
0.056442 12.634575
0.058794 13.109255
0.061146 13.579380
0.063497 14.045056
0.065849 14.506406
0.068201 14.963570
0.070553 15.416708
0.072905 15.865998
0.075256 16.311634
0.077608 16.753821
0.079960 17.192775
0.082312 17.628711
0.084663 18.061848
0.087015 18.492396
0.089367 18.920555
0.091719 19.346516
0.094070 19.770454
0.096422 20.192531
0.098774 20.612894
0.101126 21.031676
0.103477 21.448992
0.105829 21.864943
0.108181 22.279610
0.110533 22.693053
0.112884 23.105311
0.115236 23.516399
0.117588 23.926308
0.119940 24.335003
0.122291 24.742427
0.124643 24.867226
0.126995 24.763196
0.129347 24.656239
0.131699 24.546366
0.134050 24.433595
0.136402 24.317946
0.138754 24.199446
0.141106 24.078128
0.143457 23.954026
0.145809 23.827185
0.148161 23.697652
0.150513 23.565481
0.152864 23.430735
0.155216 23.293479
0.157568 23.153791
0.159920 23.011751
0.162271 22.867453
0.164623 22.720997
0.166975 22.572493
0.169327 22.422062
0.171679 22.269840
0.174030 22.115972
0.176382 21.960622
0.178734 21.803969
0.181086 21.646212
0.183437 21.487572
0.185789 21.328294
0.188141 21.168655
0.190493 21.008961
0.192844 20.849562
0.195196 20.690848
0.197548 20.533266
0.199900 20.377320
0.202251 20.223587
0.204603 20.072725
0.206955 19.925486
0.209307 19.782726
0.211658 19.645420
0.214010 19.514671
0.216362 19.391711
0.218714 19.277903
0.221065 19.174721
0.223417 19.083717
0.225769 19.068873
0.228121 19.085176
0.230472 19.096821
0.232824 19.103807
0.235176 19.106136

0.235176 19.106136
0.236534 19.108897
0.237892 19.117179
0.239249 19.130967
0.240607 19.150243
0.241965 19.174978
0.243323 19.205136
0.244680 19.240675
0.246038 19.281544
0.247396 19.327686
0.248754 19.379037
0.250112 19.435526
0.251470 19.497078
0.252827 19.563611
0.254185 19.635036
0.255543 19.711263
0.256901 19.792194
0.258258 19.877727
0.259616 19.967756
0.260974 20.062173
0.262332 20.160864
0.263690 20.263713
0.265047 20.370601
0.266405 20.481405
0.267763 20.596003
0.269121 20.714267
0.270479 20.836071
0.271836 20.961285
0.273194 21.089781
0.274552 21.221427
0.275910 21.356095
0.277268 21.493653
0.278625 21.633973
0.279983 21.776926
0.281341 21.922383
0.282699 22.070219
0.284056 22.220308
0.285414 22.372527
0.286772 22.526754
0.288130 22.682868
0.289488 22.840750
0.290845 23.000283
0.292203 23.161352
0.293561 23.323841
0.294919 23.487638
0.296276 23.652632
0.297634 23.818711
0.298992 23.985765
0.300350 24.153687
0.301708 24.322369
0.303065 24.491704
0.304423 24.661585
0.305781 24.831908
0.307139 25.002568
0.308497 25.173461
0.309854 25.344483
0.311212 25.515532
0.312570 25.686504
0.313928 25.857298
0.315285 26.027809
0.316643 26.197936
0.318001 26.367573
0.319359 26.536616
0.320717 26.704957
0.322074 26.872487
0.323432 27.039093
0.324790 27.204660
0.326148 27.369066
0.327506 27.532186
0.328863 27.693888
0.330221 27.854032
0.331579 28.012471
0.332937 28.169050
0.334295 28.323602
0.335652 28.475949
0.337010 28.625902
0.338368 28.773259
0.339726 28.917803
0.341083 29.059303
0.342441 29.197514
0.343799 29.332172
0.345157 29.462999
0.346515 29.589701
0.347872 29.711969
0.349230 29.829480
0.350588 29.941900
0.351946 30.048886
0.353304 30.150088
0.354661 30.245161
0.356019 30.333762
0.357377 30.415564
0.358735 30.490260
0.360093 30.557571
0.361450 30.617257
0.362808 30.669121
0.364166 30.713019
0.365524 30.748859
0.366882 30.776611
0.368239 30.796300
0.369597 30.808010
0.370955 30.811875

0.370955 30.811875
0.373671 30.796837
0.376386 30.753056
0.379102 30.682776
0.381817 30.588375
0.384533 30.472187
0.387248 30.336377
0.389964 30.182882
0.392680 30.013393
0.395395 29.829362
0.398111 29.632023
0.400826 29.422431
0.403542 29.201487
0.406257 28.969971
0.408973 28.728566
0.411689 28.477883
0.414404 28.218474
0.417120 27.950848
0.419835 27.675481
0.422551 27.392826
0.425266 27.103314
0.427982 26.807368
0.430698 26.505397
0.433413 26.197811
0.436129 25.885014
0.438844 25.567412
0.441560 25.245413
0.444275 24.919425
0.446991 24.589860
0.449707 24.257127
0.452422 23.921633
0.455138 23.583783
0.457853 23.243972
0.460569 22.902590
0.463285 22.560012
0.466000 22.216603
0.468716 22.371263
0.471431 22.532242
0.474147 22.691444
0.476863 22.848727
0.479578 23.003958
0.482294 23.157003
0.485009 23.307738
0.487725 23.456039
0.490440 23.601792
0.493156 23.744885
0.495872 23.885214
0.498587 24.022681
0.501303 24.157193
0.504018 24.288666
0.506734 24.417019
0.509449 24.542183
0.512165 24.664091
0.514881 24.732740
0.517596 24.336424
0.520312 23.933550
0.523027 23.524378
0.525743 23.109156
0.528459 22.688124
0.531174 22.261514
0.533890 21.829547
0.536605 21.392421
0.539321 20.950314
0.542036 20.503368
0.544752 20.051682
0.547467 19.595309
0.550183 19.134253
0.552899 18.668468
0.555614 18.197864
0.558330 17.722314
0.561045 17.241664
0.563761 16.755744
0.566477 16.264373
0.569192 15.767366
0.571908 15.264540
0.574623 14.755715
0.577339 14.240713
0.580054 13.719358
0.582770 13.191480
0.585486 12.656915
0.588201 12.115512
0.590917 11.567143
0.593632 11.011710
0.596348 10.449156
0.599063 9.879475
0.601779 9.302718
0.604495 8.718999
0.607210 8.128492
0.609926 7.531429
0.612641 6.928099
0.615357 6.318835
0.618073 5.704015
0.620788 5.084054
0.623504 4.459399
0.626219 3.830534
0.628935 3.197971
0.631650 2.562258
0.634366 1.923975
0.637082 1.283726
0.639797 0.642127
0.642513 0.009797


0.000000 26.995604
0.002352 26.995164
0.004704 26.993841
0.007055 26.991630
0.009407 26.988521
0.011759 26.984501
0.014111 26.979552
0.016462 26.973653
0.018814 26.966780
0.021166 26.958905
0.023518 26.949995
0.025869 26.940017
0.028221 26.928932
0.030573 26.916700
0.032925 26.903277
0.035276 26.888617
0.037628 26.872671
0.039980 26.855388
0.042332 26.836715
0.044683 26.816598
0.047035 26.794980
0.049387 26.771803
0.051739 26.747009
0.054090 26.720536
0.056442 26.692325
0.058794 26.662315
0.061146 26.630443
0.063497 26.596648
0.065849 26.560869
0.068201 26.523044
0.070553 26.483112
0.072905 26.441014
0.075256 26.396690
0.077608 26.350084
0.079960 26.301138
0.082312 26.249797
0.084663 26.196009
0.087015 26.139722
0.089367 26.080887
0.091719 26.019457
0.094070 25.955387
0.096422 25.888635
0.098774 25.819163
0.101126 25.746933
0.103477 25.671911
0.105829 25.594068
0.108181 25.513377
0.110533 25.429813
0.112884 25.343356
0.115236 25.253989
0.117588 25.161700
0.119940 25.066479
0.122291 24.968322
0.124643 25.148500
0.126995 25.553123
0.129347 25.956180
0.131699 26.357537
0.134050 26.757048
0.136402 27.154553
0.138754 27.549882
0.141106 27.942852
0.143457 28.333273
0.145809 28.720947
0.148161 29.105673
0.150513 29.487247
0.152864 29.865471
0.155216 30.240151
0.157568 30.611105
0.159920 30.978165
0.162271 31.341178
0.164623 31.700008
0.166975 32.054533
0.169327 32.404648
0.171679 32.750260
0.174030 33.091288
0.176382 33.427661
0.178734 33.759316
0.181086 34.086200
0.183437 34.408268
0.185789 34.725488
0.188141 35.037835
0.190493 35.345300
0.192844 35.647884
0.195196 35.945600
0.197548 36.238467
0.199900 36.526511
0.202251 36.809756
0.204603 37.088220
0.206955 37.361904
0.209307 37.630786
0.211658 37.894795
0.214010 38.153798
0.216362 38.407550
0.218714 38.655628
0.221065 38.897297
0.223417 39.131252
0.225769 39.355068
0.228121 39.563941
0.230472 39.747738
0.232824 39.884838
0.235176 39.938464

0.235176 39.938464
0.236534 39.937489
0.237892 39.934566
0.239249 39.929697
0.240607 39.922886
0.241965 39.914140
0.243323 39.903464
0.244680 39.890869
0.246038 39.876367
0.247396 39.859968
0.248754 39.841690
0.250112 39.821547
0.251470 39.799559
0.252827 39.775746
0.254185 39.750131
0.255543 39.722738
0.256901 39.693594
0.258258 39.662726
0.259616 39.630165
0.260974 39.595943
0.262332 39.560094
0.263690 39.522652
0.265047 39.483654
0.266405 39.443137
0.267763 39.401142
0.269121 39.357709
0.270479 39.312877
0.271836 39.266690
0.273194 39.219189
0.274552 39.170419
0.275910 39.120422
0.277268 39.069242
0.278625 39.016923
0.279983 38.963511
0.281341 38.909048
0.282699 38.853580
0.284056 38.797152
0.285414 38.739809
0.286772 38.681595
0.288130 38.622555
0.289488 38.562737
0.290845 38.502184
0.292203 38.440944
0.293561 38.379064
0.294919 38.316589
0.296276 38.253568
0.297634 38.190048
0.298992 38.126079
0.300350 38.061709
0.301708 37.996989
0.303065 37.931968
0.304423 37.866699
0.305781 37.801233
0.307139 37.735622
0.308497 37.669921
0.309854 37.604184
0.311212 37.538465
0.312570 37.472823
0.313928 37.407314
0.315285 37.341998
0.316643 37.276937
0.318001 37.212193
0.319359 37.147833
0.320717 37.083925
0.322074 37.020541
0.323432 36.957756
0.324790 36.895651
0.326148 36.834311
0.327506 36.773825
0.328863 36.714292
0.330221 36.655816
0.331579 36.598507
0.332937 36.542489
0.334295 36.487890
0.335652 36.434854
0.337010 36.383533
0.338368 36.334094
0.339726 36.286717
0.341083 36.241595
0.342441 36.198938
0.343799 36.158973
0.345157 36.121940
0.346515 36.088097
0.347872 36.057717
0.349230 36.031087
0.350588 36.008506
0.351946 35.990284
0.353304 35.976733
0.354661 35.968168
0.356019 35.964898
0.357377 35.967217
0.358735 35.975403
0.360093 35.989701
0.361450 36.010321
0.362808 36.037429
0.364166 36.071141
0.365524 36.111516
0.366882 36.158554
0.368239 36.212199
0.369597 36.272338
0.370955 36.338803

0.370955 36.338803
0.373671 36.199057
0.376386 36.058105
0.379102 35.916012
0.381817 35.772848
0.384533 35.628686
0.387248 35.483601
0.389964 35.337664
0.392680 35.190937
0.395395 35.043470
0.398111 34.895295
0.400826 34.746422
0.403542 34.596835
0.406257 34.446486
0.408973 34.295299
0.411689 34.143166
0.414404 33.989947
0.417120 33.835471
0.419835 33.679535
0.422551 33.521909
0.425266 33.362327
0.427982 33.200494
0.430698 33.036085
0.433413 32.868739
0.436129 32.698067
0.438844 32.523653
0.441560 32.345057
0.444275 32.161822
0.446991 31.973483
0.449707 31.779575
0.452422 31.579641
0.455138 31.373244
0.457853 31.159970
0.460569 30.939436
0.463285 30.711291
0.466000 30.475219
0.468716 30.230937
0.471431 29.978198
0.474147 29.716786
0.476863 29.446521
0.479578 29.167257
0.482294 28.878887
0.485009 28.581349
0.487725 28.274627
0.490440 27.958756
0.493156 27.633824
0.495872 27.299971
0.498587 26.957382
0.501303 26.606285
0.504018 26.246938
0.506734 25.879620
0.509449 25.504620
0.512165 25.122231
0.514881 24.782687
0.517596 24.897919
0.520312 25.009746
0.523027 25.118132
0.525743 25.223049
0.528459 25.324477
0.531174 25.422402
0.533890 25.516820
0.536605 25.607731
0.539321 25.695145
0.542036 25.779078
0.544752 25.859553
0.547467 25.936600
0.550183 26.010253
0.552899 26.080557
0.555614 26.147560
0.558330 26.211315
0.561045 26.271881
0.563761 26.329323
0.566477 26.383710
0.569192 26.435115
0.571908 26.483614
0.574623 26.529288
0.577339 26.572219
0.580054 26.612493
0.582770 26.650196
0.585486 26.685417
0.588201 26.718245
0.590917 26.748770
0.593632 26.777080
0.596348 26.803265
0.599063 26.827412
0.601779 26.849607
0.604495 26.869932
0.607210 26.888468
0.609926 26.905292
0.612641 26.920479
0.615357 26.934097
0.618073 26.946212
0.620788 26.956884
0.623504 26.966166
0.626219 26.974109
0.628935 26.980756
0.631650 26.986142
0.634366 26.990300
0.637082 26.993252
0.639797 26.995017
0.642513 26.995604


0.000000 47.052217
0.002352 47.050577
0.004704 47.045656
0.007055 47.037452
0.009407 47.025967
0.011759 47.011202
0.014111 46.993166
0.016462 46.971878
0.018814 46.947363
0.021166 46.919660
0.023518 46.888817
0.025869 46.854894
0.028221 46.817958
0.030573 46.778080
0.032925 46.735338
0.035276 46.689810
0.037628 46.641577
0.039980 46.590721
0.042332 46.537324
0.044683 46.481474
0.047035 46.423261
0.049387 46.362780
0.051739 46.300134
0.054090 46.235430
0.056442 46.168780
0.058794 46.100302
0.061146 46.030114
0.063497 45.958336
0.065849 45.885088
0.068201 45.810486
0.070553 45.734650
0.072905 45.657694
0.075256 45.579735
0.077608 45.500890
0.079960 45.421282
0.082312 45.341032
0.084663 45.260269
0.087015 45.179120
0.089367 45.097717
0.091719 45.016189
0.094070 44.934663
0.096422 44.853263
0.098774 44.772106
0.101126 44.691303
0.103477 44.610961
0.105829 44.531181
0.108181 44.452060
0.110533 44.373691
0.112884 44.296167
0.115236 44.219582
0.117588 44.144027
0.119940 44.069592
0.122291 43.996368
0.124643 43.924440
0.126995 43.853890
0.129347 43.784792
0.131699 43.717216
0.134050 43.651222
0.136402 43.586863
0.138754 43.524183
0.141106 43.463221
0.143457 43.404009
0.145809 43.346571
0.148161 43.290930
0.150513 43.237100
0.152864 43.185092
0.155216 43.134915
0.157568 43.086570
0.159920 43.040056
0.162271 42.995369
0.164623 42.952501
0.166975 42.911441
0.169327 42.872178
0.171679 42.834698
0.174030 42.798985
0.176382 42.765025
0.178734 42.732796
0.181086 42.702279
0.183437 42.673447
0.185789 42.646271
0.188141 42.620717
0.190493 42.596747
0.192844 42.574318
0.195196 42.553385
0.197548 42.533902
0.199900 42.515822
0.202251 42.499101
0.204603 42.483697
0.206955 42.469573
0.209307 42.456695
0.211658 42.445034
0.214010 42.434566
0.216362 42.238253
0.218714 42.038222
0.221065 41.837997
0.223417 41.638958
0.225769 41.443603
0.228121 41.256797
0.230472 41.088723
0.232824 40.961041
0.235176 40.910552

0.235176 40.910552
0.236534 40.909773
0.237892 40.907439
0.239249 40.903552
0.240607 40.898118
0.241965 40.891147
0.243323 40.882647
0.244680 40.872633
0.246038 40.861119
0.247396 40.848121
0.248754 40.833658
0.250112 40.817751
0.251470 40.800422
0.252827 40.781693
0.254185 40.761590
0.255543 40.740138
0.256901 40.717366
0.258258 40.693300
0.259616 40.667969
0.260974 40.641404
0.262332 40.613633
0.263690 40.584688
0.265047 40.554599
0.266405 40.523398
0.267763 40.491114
0.269121 40.457780
0.270479 40.423425
0.271836 40.388082
0.273194 40.351780
0.274552 40.314550
0.275910 40.276421
0.277268 40.237423
0.278625 40.197584
0.279983 40.156934
0.281341 40.115498
0.282699 40.073306
0.284056 40.030382
0.285414 39.986752
0.286772 39.942441
0.288130 39.897473
0.289488 39.851872
0.290845 39.805658
0.292203 39.758854
0.293561 39.711479
0.294919 39.663553
0.296276 39.615095
0.297634 39.566120
0.298992 39.516646
0.300350 39.466687
0.301708 39.416259
0.303065 39.365373
0.304423 39.314042
0.305781 39.262278
0.307139 39.210091
0.308497 39.157491
0.309854 39.104486
0.311212 39.051084
0.312570 38.997292
0.313928 38.943118
0.315285 38.888567
0.316643 38.833644
0.318001 38.778354
0.319359 38.722701
0.320717 38.666688
0.322074 38.610317
0.323432 38.553591
0.324790 38.496512
0.326148 38.439079
0.327506 38.381294
0.328863 38.323155
0.330221 38.264663
0.331579 38.205815
0.332937 38.146611
0.334295 38.087047
0.335652 38.027122
0.337010 37.966833
0.338368 37.906178
0.339726 37.845154
0.341083 37.783758
0.342441 37.721989
0.343799 37.659843
0.345157 37.597320
0.346515 37.534419
0.347872 37.471137
0.349230 37.407475
0.350588 37.343434
0.351946 37.279013
0.353304 37.214214
0.354661 37.149039
0.356019 37.083489
0.357377 37.017568
0.358735 36.951279
0.360093 36.884625
0.361450 36.817610
0.362808 36.750238
0.364166 36.682514
0.365524 36.614443
0.366882 36.546031
0.368239 36.477283
0.369597 36.408204
0.370955 36.338803

0.370955 36.338803
0.373671 36.489822
0.376386 36.663128
0.379102 36.856219
0.381817 37.066455
0.384533 37.291245
0.387248 37.528174
0.389964 37.775071
0.392680 38.030023
0.395395 38.291381
0.398111 38.557724
0.400826 38.827836
0.403542 39.100671
0.406257 39.375318
0.408973 39.650979
0.411689 39.926944
0.414404 40.202576
0.417120 40.477300
0.419835 40.703694
0.422551 40.744349
0.425266 40.786657
0.427982 40.830689
0.430698 40.876536
0.433413 40.924308
0.436129 40.974129
0.438844 41.026136
0.441560 41.080469
0.444275 41.137268
0.446991 41.196664
0.449707 41.258779
0.452422 41.323717
0.455138 41.391561
0.457853 41.462374
0.460569 41.536194
0.463285 41.613037
0.466000 41.692894
0.468716 41.775735
0.471431 41.861510
0.474147 41.950151
0.476863 42.041572
0.479578 42.135674
0.482294 42.232341
0.485009 42.331443
0.487725 42.432837
0.490440 42.536363
0.493156 42.641847
0.495872 42.749100
0.498587 42.857921
0.501303 42.968095
0.504018 43.079402
0.506734 43.191618
0.509449 43.304523
0.512165 43.417903
0.514881 43.531557
0.517596 43.645301
0.520312 43.758966
0.523027 43.872399
0.525743 43.985461
0.528459 44.098021
0.531174 44.209957
0.533890 44.321149
0.536605 44.431475
0.539321 44.540816
0.542036 44.649053
0.544752 44.756072
0.547467 44.861765
0.550183 44.966036
0.552899 45.068800
0.555614 45.169987
0.558330 45.269535
0.561045 45.367391
0.563761 45.463506
0.566477 45.557823
0.569192 45.650280
0.571908 45.740800
0.574623 45.829293
0.577339 45.915652
0.580054 45.999762
0.582770 46.081500
0.585486 46.160742
0.588201 46.237367
0.590917 46.311257
0.593632 46.382305
0.596348 46.450408
0.599063 46.515465
0.601779 46.577377
0.604495 46.636037
0.607210 46.691334
0.609926 46.743144
0.612641 46.791339
0.615357 46.835786
0.618073 46.876352
0.620788 46.912916
0.623504 46.945366
0.626219 46.973612
0.628935 46.997585
0.631650 47.017237
0.634366 47.032536
0.637082 47.043470
0.639797 47.050030
0.642513 47.052217


0.000000 47.052217
0.002352 47.054355
0.004704 47.060750
0.007055 47.071347
0.009407 47.086055
0.011759 47.104751
0.014111 47.127286
0.016462 47.153486
0.018814 47.183158
0.021166 47.216090
0.023518 47.252056
0.025869 47.290816
0.028221 47.332114
0.030573 47.375682
0.032925 47.421234
0.035276 47.468473
0.037628 47.517085
0.039980 47.566746
0.042332 47.617122
0.044683 47.667875
0.047035 47.718663
0.049387 47.769146
0.051739 47.818993
0.054090 47.867877
0.056442 47.915485
0.058794 47.961515
0.061146 48.005677
0.063497 48.047694
0.065849 48.087299
0.068201 48.124238
0.070553 48.158269
0.072905 48.189163
0.075256 48.216702
0.077608 48.240687
0.079960 48.260932
0.082312 48.277271
0.084663 48.289554
0.087015 48.297653
0.089367 48.301455
0.091719 48.300865
0.094070 48.295800
0.096422 48.286194
0.098774 48.271989
0.101126 48.253138
0.103477 48.229603
0.105829 48.201357
0.108181 48.168378
0.110533 48.130658
0.112884 48.088197
0.115236 48.041008
0.117588 47.989112
0.119940 47.932539
0.122291 47.871330
0.124643 47.805527
0.126995 47.735179
0.129347 47.660335
0.131699 47.581044
0.134050 47.497354
0.136402 47.409311
0.138754 47.316960
0.141106 47.220346
0.143457 47.119516
0.145809 47.014519
0.148161 46.905408
0.150513 46.792239
0.152864 46.675072
0.155216 46.553973
0.157568 46.429008
0.159920 46.300244
0.162271 46.167750
0.164623 46.031589
0.166975 45.891827
0.169327 45.748524
0.171679 45.601739
0.174030 45.451528
0.176382 45.297948
0.178734 45.141055
0.181086 44.980908
0.183437 44.817567
0.185789 44.651095
0.188141 44.481559
0.190493 44.309028
0.192844 44.133575
0.195196 43.955274
0.197548 43.774204
0.199900 43.590444
0.202251 43.404081
0.204603 43.215209
0.206955 43.023938
0.209307 42.830400
0.211658 42.634766
0.214010 42.437272
0.216362 42.425268
0.218714 42.417119
0.221065 42.410103
0.223417 42.404201
0.225769 42.399397
0.228121 42.395678
0.230472 42.393031
0.232824 42.391447
0.235176 42.390920

0.235176 42.390920
0.236534 42.390510
0.237892 42.389278
0.239249 42.387223
0.240607 42.384343
0.241965 42.380633
0.243323 42.376090
0.244680 42.370709
0.246038 42.364483
0.247396 42.357408
0.248754 42.349477
0.250112 42.340685
0.251470 42.331026
0.252827 42.320496
0.254185 42.309091
0.255543 42.296807
0.256901 42.283642
0.258258 42.269595
0.259616 42.254666
0.260974 42.238857
0.262332 42.222169
0.263690 42.204607
0.265047 42.186177
0.266405 42.166884
0.267763 42.146737
0.269121 42.125745
0.270479 42.103919
0.271836 42.081271
0.273194 42.057815
0.274552 42.033565
0.275910 42.008538
0.277268 41.982752
0.278625 41.956226
0.279983 41.928981
0.281341 41.901039
0.282699 41.872425
0.284056 41.843164
0.285414 41.813284
0.286772 41.782813
0.288130 41.751781
0.289488 41.720222
0.290845 41.688167
0.292203 41.655652
0.293561 41.622714
0.294919 41.589389
0.296276 41.555717
0.297634 41.521737
0.298992 41.487490
0.300350 41.453018
0.301708 41.418361
0.303065 41.383563
0.304423 41.348667
0.305781 41.313716
0.307139 41.278754
0.308497 41.243823
0.309854 41.208969
0.311212 41.174233
0.312570 41.139660
0.313928 41.105293
0.315285 41.071175
0.316643 41.037349
0.318001 41.003857
0.319359 40.970741
0.320717 40.938044
0.322074 40.905805
0.323432 40.874066
0.324790 40.842867
0.326148 40.812246
0.327506 40.782242
0.328863 40.752891
0.330221 40.724230
0.331579 40.696293
0.332937 40.669113
0.334295 40.642721
0.335652 40.617147
0.337010 40.592417
0.338368 40.568559
0.339726 40.545595
0.341083 40.523547
0.342441 40.502433
0.343799 40.482272
0.345157 40.463078
0.346515 40.444863
0.347872 40.427639
0.349230 40.411414
0.350588 40.396195
0.351946 40.381988
0.353304 40.368794
0.354661 40.356616
0.356019 40.345453
0.357377 40.335305
0.358735 40.326166
0.360093 40.318033
0.361450 40.310900
0.362808 40.304757
0.364166 40.299597
0.365524 40.295407
0.366882 40.292174
0.368239 40.289886
0.369597 40.288526
0.370955 40.288077

0.370955 40.288077
0.373671 40.289835
0.376386 40.294996
0.379102 40.303378
0.381817 40.314789
0.384533 40.329030
0.387248 40.345904
0.389964 40.365226
0.392680 40.386822
0.395395 40.410538
0.398111 40.436241
0.400826 40.463818
0.403542 40.493177
0.406257 40.524241
0.408973 40.556955
0.411689 40.591275
0.414404 40.627175
0.417120 40.664646
0.419835 40.750593
0.422551 41.021983
0.425266 41.291042
0.427982 41.557384
0.430698 41.820661
0.433413 42.080563
0.436129 42.336807
0.438844 42.589137
0.441560 42.837319
0.444275 43.081140
0.446991 43.320399
0.449707 43.554912
0.452422 43.784513
0.455138 44.009047
0.457853 44.228379
0.460569 44.442390
0.463285 44.650978
0.466000 44.854060
0.468716 45.051564
0.471431 45.243436
0.474147 45.429628
0.476863 45.610102
0.479578 45.784826
0.482294 45.953771
0.485009 46.116910
0.487725 46.274219
0.490440 46.425675
0.493156 46.571253
0.495872 46.710930
0.498587 46.844684
0.501303 46.972489
0.504018 47.094320
0.506734 47.210150
0.509449 47.319946
0.512165 47.423675
0.514881 47.521300
0.517596 47.612780
0.520312 47.698072
0.523027 47.777130
0.525743 47.849909
0.528459 47.916362
0.531174 47.976445
0.533890 48.030120
0.536605 48.077353
0.539321 48.118122
0.542036 48.152419
0.544752 48.180253
0.547467 48.201654
0.550183 48.216681
0.552899 48.225415
0.555614 48.227971
0.558330 48.224493
0.561045 48.215156
0.563761 48.200162
0.566477 48.179746
0.569192 48.154166
0.571908 48.123711
0.574623 48.088696
0.577339 48.049463
0.580054 48.006384
0.582770 47.959863
0.585486 47.910334
0.588201 47.858260
0.590917 47.804132
0.593632 47.748467
0.596348 47.691797
0.599063 47.634666
0.601779 47.577617
0.604495 47.521193
0.607210 47.465920
0.609926 47.412309
0.612641 47.360849
0.615357 47.312008
0.618073 47.266229
0.620788 47.223934
0.623504 47.185519
0.626219 47.151358
0.628935 47.121795
0.631650 47.097139
0.634366 47.077661
0.637082 47.063582
0.639797 47.055067
0.642513 47.052217


