0.000000000000000000e+00 1.000000000000000000e+00
5.050505050505050414e-02 9.993784032422486918e-01
1.010101010101010083e-01 9.975777540935955034e-01
1.515151515151515194e-01 9.946932710677138800e-01
2.020202020202020166e-01 9.908181066936001535e-01
2.525252525252525415e-01 9.860425645950111617e-01
3.030303030303030387e-01 9.804534792806881560e-01
3.535353535353535359e-01 9.741337443780485605e-01
4.040404040404040331e-01 9.671619735653887995e-01
4.545454545454545303e-01 9.596122778675282294e-01
5.050505050505050830e-01 9.515541430896828912e-01
5.555555555555555802e-01 9.430523917995443650e-01
6.060606060606060774e-01 9.341672152732061196e-01
6.565656565656565746e-01 9.249542620650456071e-01
7.070707070707070718e-01 9.154647712373196189e-01
7.575757575757575690e-01 9.057457397074347716e-01
8.080808080808080662e-01 8.958401145758739803e-01
8.585858585858585634e-01 8.857870026399404795e-01
9.090909090909090606e-01 8.756218905472636926e-01
9.595959595959595578e-01 8.653768701800444996e-01
1.010101010101010166e+00 8.550808648773984277e-01
1.060606060606060552e+00 8.447598529970853365e-01
1.111111111111111160e+00 8.344370860927152744e-01
1.161616161616161547e+00 8.241332996449420856e-01
1.212121212121212155e+00 8.138669148441135537e-01
1.262626262626262541e+00 8.036542303874137927e-01
1.313131313131313149e+00 7.935096036361859451e-01
1.363636363636363535e+00 7.834456207892204205e-01
1.414141414141414144e+00 7.734732559752207637e-01
1.464646464646464530e+00 7.636020193615850049e-01
1.515151515151515138e+00 7.538400945254037921e-01
1.565656565656565524e+00 7.441944654436269957e-01
1.616161616161616132e+00 7.346710335392396818e-01
1.666666666666666741e+00 7.252747252747252515e-01
1.717171717171717127e+00 7.160095908179709978e-01
1.767676767676767735e+00 7.068788943232611199e-01
1.818181818181818121e+00 6.978851963746223186e-01
1.868686868686868729e+00 6.890304291334647946e-01
1.919191919191919116e+00 6.803159647196345139e-01
1.969696969696969724e+00 6.717426773366482751e-01
2.020202020202020332e+00 6.633109996296421285e-01
2.070707070707070496e+00 6.550209737397285625e-01
2.121212121212121104e+00 6.468722974920726454e-01
2.171717171717171713e+00 6.388643661278604613e-01
2.222222222222222321e+00 6.309963099630995220e-01
2.272727272727272485e+00 6.232670283303195502e-01
2.323232323232323093e+00 6.156752201330969454e-01
2.373737373737373701e+00 6.082194113181846884e-01
2.424242424242424310e+00 6.008979795460214213e-01
2.474747474747474918e+00 5.937091763176953751e-01
2.525252525252525082e+00 5.866511467950583647e-01
2.575757575757575690e+00 5.797219475306846226e-01
2.626262626262626299e+00 5.729195623057289355e-01
2.676767676767676907e+00 5.662419162564313879e-01
2.727272727272727071e+00 5.596868884540117106e-01
2.777777777777777679e+00 5.532523230879199394e-01
2.828282828282828287e+00 5.469360393888260674e-01
2.878787878787878896e+00 5.407358404152460274e-01
2.929292929292929060e+00 5.346495208162723722e-01
2.979797979797979668e+00 5.286748736724093956e-01
3.030303030303030276e+00 5.228096965069669588e-01
3.080808080808080884e+00 5.170517965517419379e-01
3.131313131313131048e+00 5.113989953427834356e-01
3.181818181818181657e+00 5.058491327148043615e-01
3.232323232323232265e+00 5.004000702562401148e-01
3.282828282828282873e+00 4.950496942809747281e-01
3.333333333333333481e+00 4.897959183673468719e-01
3.383838383838383645e+00 4.846366855101281734e-01
3.434343434343434254e+00 4.795699699267076399e-01
3.484848484848484862e+00 4.745937785546859300e-01
3.535353535353535470e+00 4.697061522744195861e-01
3.585858585858585634e+00 4.649051668867479892e-01
3.636363636363636243e+00 4.601889338731444123e-01
3.686868686868686851e+00 4.555556009628154990e-01
3.737373737373737459e+00 4.510033525288333345e-01
3.787878787878787623e+00 4.465304098331621674e-01
3.838383838383838231e+00 4.421350311384463772e-01
3.888888888888888840e+00 4.378155117026158449e-01
3.939393939393939448e+00 4.335701836707333556e-01
3.989898989898989612e+00 4.293974158770329508e-01
4.040404040404040664e+00 4.252956135687705475e-01
4.090909090909090828e+00 4.212632180623034905e-01
4.141414141414140992e+00 4.172987063407329611e-01
4.191919191919192045e+00 4.134005906014666665e-01
4.242424242424242209e+00 4.095674177611761113e-01
4.292929292929293261e+00 4.057977689248269959e-01
4.343434343434343425e+00 4.020902588247467491e-01
4.393939393939393590e+00 3.984435352350433335e-01
4.444444444444444642e+00 3.948562783661119235e-01
4.494949494949494806e+00 3.913272002434384222e-01
4.545454545454544970e+00 3.878550440744368832e-01
4.595959595959596022e+00 3.844385836066353535e-01
4.646464646464646187e+00 3.810766224801395152e-01
4.696969696969697239e+00 3.777679935769599484e-01
4.747474747474747403e+00 3.745115583694827444e-01
4.797979797979797567e+00 3.713062062700799304e-01
4.848484848484848619e+00 3.681508539836114147e-01
4.898989898989898784e+00 3.650444448643440087e-01
4.949494949494949836e+00 3.619859482786109139e-01
5.000000000000000000e+00 3.589743589743589758e-01
