Step          Temp         v_strain      v_sigmaxx      v_sigmayy        PotEng         KinEng           Lx             Ly
         0   329.57934      0             -3.8207003      0.53492662    -396.41399      2.0874722      12.26829       10.669733
       100   281.08093      0.002         -2.6443344      4.6992757     -395.55168      1.7802955      12.266181      10.691072
       200   322.64443      0.004          3.3443099      6.4881498     -396.21351      2.0435482      12.335689      10.712412
       300   331.06745      0.006          3.1574922      7.8770612     -396.4461       2.0968975      12.327252      10.733751
       400   347.07109      0.008         -5.2215969      10.586768     -395.79056      2.1982605      12.221341      10.755091
       500   252.44678      0.01          -2.5975388      11.386238     -395.643        1.598934       12.253354      10.77643
       600   271.64712      0.012          2.121496       13.514039     -395.95055      1.7205442      12.304118      10.797769
       700   318.3458       0.014          5.7091455      17.047605     -395.45825      2.0163218      12.336921      10.819109
       800   364.00113      0.016         -2.4819431      17.498328     -395.18652      2.3054911      12.241009      10.840448
       900   221.458        0.018         -4.6056916      18.969566     -395.22078      1.4026589      12.213566      10.861788
      1000   283.78053      0.02           4.0219936      21.056018     -395.55892      1.7973941      12.303719      10.883127
      1100   323.87637      0.022          0.73166154     22.97627      -395.44402      2.051351       12.270447      10.904467
      1200   343.43746      0.024         -6.1150632      24.420419     -394.82703      2.175246       12.190814      10.925806
      1300   381.60632      0.026          1.6221179      27.290994     -394.67556      2.4169979      12.265853      10.947146
      1400   254.11354      0.028          1.8569377      29.041526     -394.8346       1.6094909      12.269271      10.968485
      1500   300.32484      0.03          -9.0636253      28.591219     -394.772        1.9021816      12.145113      10.989825
      1600   314.80451      0.032          0.73092886     31.819645     -394.72239      1.9938922      12.241192      11.011164
      1700   318.93629      0.034          2.6208674      33.690645     -394.29872      2.0200618      12.26221       11.032504
      1800   274.50386      0.036         -7.2296323      34.951014     -394.04559      1.738638       12.149076      11.053843
      1900   302.67784      0.038          2.573523       37.937305     -393.40536      1.9170849      12.261754      11.075182
      2000   241.34504      0.04           1.1041504      39.591164     -393.19825      1.5286184      12.236791      11.096522
      2100   265.03395      0.042         -3.3491727      40.227387     -393.10653      1.678658       12.182035      11.117861
      2200   262.24492      0.044          3.8667978      42.4681       -392.98945      1.660993       12.261791      11.139201
      2300   255.32794      0.046         -9.0642651      42.753061     -392.47471      1.6171826      12.099651      11.16054
      2400   288.00571      0.048          1.2363718      45.437613     -393.09661      1.8241553      12.227435      11.18188
      2500   233.96816      0.05           1.217838       46.861952     -392.60349      1.4818951      12.229303      11.203219
      2600   294.25107      0.052         -2.9201099      47.838028     -392.25089      1.8637119      12.172304      11.224559
      2700   281.18413      0.054          2.290803       50.062204     -391.99465      1.7809491      12.232744      11.245898
      2800   258.59412      0.056         -7.8399199      50.631581     -391.4519       1.6378698      12.112587      11.267238
      2900   331.68447      0.058          5.3181622      53.470732     -391.58981      2.1008055      12.268712      11.288577
      3000   258.18948      0.06          -3.4184306      54.466676     -391.34652      1.6353069      12.149746      11.309917
      3100   280.13368      0.062          2.0674622      56.563841     -390.88495      1.7742959      12.214107      11.331256
      3200   293.63367      0.064         -3.3416982      57.410825     -390.64721      1.8598014      12.150418      11.352596
      3300   295.58983      0.066          4.3325733      59.548359     -390.36106      1.8721912      12.238992      11.373935
      3400   322.2528       0.068         -1.9247321      60.384142     -389.43         2.0410678      12.151949      11.395274
      3500   294.65677      0.07           3.3467852      62.497706     -389.37843      1.8662814      12.218511      11.416614
      3600   301.84125      0.072         -5.8422223      63.568824     -389.39599      1.9117861      12.100666      11.437953
      3700   306.93878      0.074          1.6355978      65.179385     -388.97591      1.9440726      12.190637      11.459293
      3800   304.03189      0.076         -4.6024476      66.370617     -388.54587      1.9256611      12.10773       11.480632
      3900   281.15647      0.078          5.4527083      67.607752     -387.86243      1.780774       12.235757      11.501972
      4000   257.53626      0.08          -3.0157611      68.447127     -387.6381       1.6311696      12.135252      11.523311
      4100   329.45969      0.082          0.74546403     70.598684     -387.41424      2.0867144      12.176251      11.544651
      4200   324.57879      0.084         -0.59250058     71.855783     -386.24444      2.0558         12.146478      11.56599
      4300   282.64997      0.086         -0.56170814     73.227133     -386.31041      1.7902334      12.147912      11.58733
      4400   300.81761      0.088          3.446485       74.407361     -385.92264      1.9053026      12.206241      11.608669
      4500   315.91824      0.09          -1.6133628      75.574038     -385.49763      2.0009463      12.132064      11.630009
      4600   300.23502      0.092          3.5289054      77.11109      -384.71591      1.9016127      12.193516      11.651348
      4700   286.70581      0.094         -2.6063425      78.288796     -384.84575      1.8159221      12.112199      11.672688
      4800   265.75175      0.096         -0.55953553     79.499185     -384.15576      1.6832044      12.142575      11.694027
      4900   306.86584      0.098          0.83981227     80.314109     -383.83813      1.9436106      12.155148      11.715366
      5000   257.92154      0.1           -0.7345668      81.650137     -382.86978      1.6336098      12.126282      11.736706
      5100   334.2785       0.102          1.3356212      82.886161     -382.80663      2.1172355      12.154488      11.758045
      5200   302.38806      0.104          3.1105852      84.021785     -382.73789      1.9152495      12.180191      11.779385
      5300   315.64446      0.106         -2.1755312      85.123844     -381.63233      1.9992122      12.104903      11.800724
      5400   307.36635      0.108          1.308592       86.298079     -381.3523       1.9467807      12.147226      11.822064
      5500   307.45586      0.11           2.6781848      86.627244     -380.5541       1.9473476      12.171082      11.843403
      5600   262.96517      0.112         -3.3289258      87.87713      -380.4534       1.6655549      12.09012       11.864743
      5700   304.91917      0.114          0.63209707     89.188304     -380.04884      1.9312809      12.134752      11.886082
      5800   277.73468      0.116          0.35026061     90.454572     -379.25914      1.7591012      12.126758      11.907422
      5900   284.72274      0.118         -2.5963606      90.474156     -378.84119      1.8033618      12.085653      11.928761
      6000   301.57078      0.12           0.94322525     92.740062     -378.15344      1.910073       12.126491      11.950101
      6100   295.07749      0.122          2.6851884      91.689417     -377.951        1.8689462      12.163599      11.97144
      6200   308.53437      0.124         -1.2637461      95.189297     -377.44258      1.9541787      12.090611      11.992779
      6300   261.29969      0.126         -1.7056155      93.772576     -376.81347      1.6550061      12.094713      12.014119
      6400   259.32564      0.128          4.4643353      96.04319      -376.20323      1.642503       12.168443      12.035458
      6500   267.55108      0.13           0.067740788    95.57976      -375.85345      1.6946009      12.119083      12.056798
      6600   336.37056      0.132         -2.7708984      95.637028     -375.13593      2.1304861      12.075285      12.078137
      6700   332.48123      0.134          2.1402839      99.182418     -374.85994      2.1058521      12.121911      12.099477
      6800   250.20872      0.136          3.9063183      97.20763      -373.95826      1.5847587      12.165179      12.120816
      6900   313.36265      0.138         -2.3309878      97.234268     -373.6202       1.9847598      12.086614      12.142156
      7000   270.48434      0.14          -0.93155883     100.46689     -373.17466      1.7131794      12.082266      12.163495
      7100   285.39276      0.142          4.1139444      99.483578     -372.08224      1.8076056      12.154667      12.184835
      7200   256.26719      0.144         -0.92335545     99.784415     -371.83311      1.6231316      12.089772      12.206174
      7300   333.49878      0.146         -3.4069994      100.65721     -371.65492      2.1122969      12.058248      12.227514
      7400   292.8937       0.148          4.4420221      101.31877     -370.61817      1.8551146      12.156877      12.248853
      7500   382.09488      0.15          -1.383086       101.2298      -370.03772      2.4200923      12.073964      12.270193
      7600   312.33319      0.152         -2.5734273      104.58152     -369.76278      1.9782395      12.046725      12.291532
      7700   315.33677      0.154          4.2991504      103.8707      -369.21226      1.9972633      12.150471      12.312871
      7800   320.43451      0.156         -2.0083151      105.58955     -368.51725      2.0295512      12.055938      12.334211
      7900   280.81715      0.158         -1.3899474      102.40246     -367.74798      1.7786248      12.064798      12.35555
      8000   360.26637      0.16           6.0398377      102.99846     -367.26281      2.2818361      12.171134      12.37689
      8100   307.48666      0.162         -2.3815124      101.14098     -366.59685      1.9475428      12.070663      12.398229
      8200   316.70987      0.164          1.4250136      101.99335     -366.39466      2.0059602      12.111949      12.419569
      8300   277.83471      0.166         -0.10672412     100.00184     -365.08613      1.7597348      12.089133      12.440908
      8400   292.52601      0.168         -1.6687628      101.88162     -365.34923      1.8527858      12.068296      12.462248
      8500   329.16869      0.17           2.1530145      102.87799     -364.04538      2.0848713      12.122149      12.483587
      8600   299.32215      0.172         -7.4970175      100.7215      -363.67698      1.8958308      11.996929      12.504927
      8700   312.83452      0.174          2.8982849      103.16701     -363.51543      1.9814148      12.120643      12.526266
      8800   322.17219      0.176         -3.3370866      103.20387     -362.62514      2.0405572      12.039303      12.547606
      8900   323.3964       0.178          5.0746058      102.76941     -361.76381      2.048311       12.15697       12.568945
      9000   242.03617      0.18          -6.0049623      101.75396     -361.26345      1.5329959      11.999063      12.590285
      9100   315.4325       0.182          2.3691205      104.81048     -360.59764      1.9978697      12.10813       12.611624
      9200   359.8504       0.184         -2.6107628      103.47598     -360.34869      2.2792014      12.037883      12.632963
      9300   265.94575      0.186          4.9413733      103.09796     -359.70449      1.6844332      12.145405      12.654303
      9400   318.3198       0.188         -1.2177678      103.56469     -359.42117      2.0161571      12.057485      12.675642
      9500   290.08132      0.19          -0.50587922     101.31254     -358.34618      1.8373017      12.069211      12.696982
      9600   332.99604      0.192          4.0585132      95.629822     -358.36501      2.1091127      12.142487      12.718321
      9700   270.76521      0.194          2.9582846      14.697777     -368.04916      1.7149584      12.155083      12.739661
      9800   351.57225      0.196         -1.2970141      11.541439     -369.17464      2.2267697      12.180907      12.761
      9900   343.511        0.198          3.2673071      13.939464     -368.97429      2.1757118      12.144885      12.78234
     10000   290.54203      0.2           -4.605205       13.227759     -368.97729      1.8402197      11.997751      12.803679
     10100   269.46826      0.202          1.812993       16.51487      -368.99691      1.7067438      12.071454      12.825019
     10200   265.63873      0.204         -1.6743097      17.887117     -369.00378      1.6824886      11.981303      12.846358
     10300   357.3857       0.206          3.2913608      20.153332     -369.10257      2.2635907      12.006749      12.867698
     10400   258.02589      0.208         -7.0509479      20.964847     -368.6815       1.6342708      11.827436      12.889037
     10500   361.19709      0.21           1.2503516      23.407684     -368.88262      2.287731       11.967957      12.910377
     10600   294.73773      0.212          0.10479092     22.645773     -368.89599      1.8667943      11.933232      12.931716
     10700   277.80309      0.214         -4.5933238      23.951195     -368.24185      1.7595345      11.861107      12.953055
     10800   240.33108      0.216          2.3656428      24.974663     -368.13943      1.5221963      11.976166      12.974395
     10900   312.36547      0.218         -1.6149074      24.265464     -368.37053      1.9784439      11.953688      12.995734
     11000   372.97971      0.22          -0.73585508     19.664832     -368.61723      2.3623592      11.976914      13.017074
     11100   340.31273      0.222          1.0516648      18.202488     -368.55878      2.1554547      12.044515      13.038413
     11200   317.6174       0.224         -2.5595747      17.794938     -368.08921      2.0117083      12.045108      13.059753
     11300   281.07523      0.226          0.4093601      18.489476     -368.06437      1.7802595      12.046415      13.081092
     11400   292.28507      0.228         -2.5331117      17.938637     -367.80041      1.8512597      11.909633      13.102432
     11500   234.38403      0.23           2.8048025      19.246971     -367.44881      1.4845292      11.899987      13.123771
     11600   328.90791      0.232          2.7568545      21.573998     -367.62528      2.0832195      11.91638       13.145111
     11700   240.44679      0.234          3.4241754      23.127331     -367.43441      1.5229291      11.935358      13.16645
     11800   314.46273      0.236         -1.938635       23.936376     -366.80939      1.9917274      11.9274        13.18779
     11900   330.23561      0.238          1.9050942      24.921841     -367.61129      2.0916288      12.000287      13.209129
     12000   275.18464      0.24          -4.0200182      22.587567     -366.94545      1.7429499      11.973384      13.230468
     12100   206.61969      0.242          2.7641709      22.305098     -366.8774       1.3086769      12.062797      13.251808
     12200   251.21145      0.244         -0.61596886     21.64171      -367.19393      1.5911098      11.935759      13.273147
     12300   301.32185      0.246         -5.4789414      18.726442     -366.59923      1.9084964      11.823801      13.294487
     12400   255.69391      0.248         -1.1548945      21.610746     -366.68922      1.6195006      11.846461      13.315826
     12500   327.34579      0.25          -0.12128015     21.943684     -366.43131      2.0733255      11.813548      13.337166
     12600   370.81417      0.252          3.7114854      20.185446     -366.67741      2.3486432      11.992485      13.358505
     12700   336.47119      0.254          1.0497198      6.3831747     -366.35842      2.1311234      12.045166      13.379845
     12800   256.21088      0.256         -1.323633       14.06064      -366.01011      1.6227749      11.991103      13.401184
     12900   272.68459      0.258          5.9220153      8.1720841     -366.45983      1.7271152      12.100895      13.422524
     13000   343.56611      0.26          -2.0763327      6.3283771     -366.27927      2.1760609      11.933731      13.443863
     13100   312.20476      0.262         -2.5492106      3.8542145     -366.07038      1.977426       11.926313      13.465203
     13200   280.96002      0.264          3.5451675      5.581166      -365.57088      1.7795297      12.034078      13.486542
     13300   305.62637      0.266         -0.16996254     5.2757025     -365.87248      1.9357602      11.996394      13.507882
     13400   264.72323      0.268         -5.6598585      5.4084581     -366.24913      1.67669        11.916502      13.529221
     13500   241.38098      0.27           3.4329244      5.7514833     -366.04665      1.5288461      12.056605      13.55056
     13600   275.68789      0.272         -2.7118683      3.9662418     -365.86527      1.7461374      11.959391      13.5719
     13700   318.17797      0.274          1.2883853      3.8936854     -366.1909       2.0152588      12.038982      13.593239
     13800   299.60542      0.276          1.4354576      3.8727913     -366.09372      1.897625       12.049316      13.614579
     13900   257.04442      0.278         -4.5608234      5.8262026     -366.05288      1.6280544      11.923965      13.635918
     14000   281.78342      0.28           3.3588061      8.0711606     -365.96555      1.7847449      12.065685      13.657258
     14100   291.76932      0.282         -1.6410463      8.39635       -365.7039       1.8479931      11.985849      13.678597
     14200   340.07767      0.284         -0.14229956     2.913547      -366.01354      2.153966       11.96841       13.699937
     14300   345.50079      0.286          3.0162504      2.7586652     -365.64476      2.1883146      12.023929      13.7
