0.01 48111.4457052384
0.02 22406.5405899207
0.03 13959.0045609412
0.04 9812.08107304298
0.05 7376.33052006392
0.06 5789.9091868478
0.07 4684.3694048375
0.08 3876.14238638151
0.09 3263.72280170136
0.1 2786.56017860761
0.11 2406.38609757184
0.12 2097.8876850243
0.13 1843.69337033282
0.14 1631.51335180528
0.15 1452.42787286405
0.16 1299.81897993005
0.17 1168.67881846634
0.18 1055.14855413551
0.19 956.205261801714
0.2 869.448585062666
0.21 792.952398547591
0.22 725.15689500369
0.23 664.788407102216
0.24 610.797915341952
0.25 562.314293828092
0.26 518.608624376216
0.27 479.066098497347
0.28 443.164975226019
0.29 410.459537805384
0.3 380.56795338778
0.31 353.163524683805
0.32 327.96883986939
0.33 304.751590428397
0.34 283.320021934025
0.35 263.518054113546
0.36 245.219017517423
0.37 228.315524645523
0.38 212.707195450753
0.39 198.293233948306
0.4 184.973984248328
0.41 172.655499429244
0.42 161.24925199238
0.43 150.670573061598
0.44 140.840462699779
0.45 131.688720379113
0.46 123.154768362837
0.47 115.186307767048
0.48 107.737323034529
0.49 100.766561215708
0.5 94.2364452374983
0.51 88.1125097235881
0.52 82.3630110374068
0.53 76.9586371009622
0.54 71.8723417317309
0.55 67.0792001402813
0.56 62.5562239513895
0.57 58.2822773858205
0.58 54.2379428679697
0.59 50.4054284439126
0.6 46.7684570136408
0.61 43.3121920741649
0.62 40.0231499388138
0.63 36.8891144157068
0.64 33.8991039710463
0.65 31.0432589639635
0.66 28.3127817576781
0.67 25.6998870486433
0.68 23.1977184598729
0.69 20.8002836736476
0.7 18.5023952624241
0.71 16.2995965821309
0.72 14.1881006937109
0.73 12.1647504684795
0.74 10.22690949961
0.75 8.37245314400322
0.76 6.59968247414279
0.77 4.90723364528206
0.78 3.2940401277906
0.79 1.75925290503391
0.8 0.302117881369419
0.81 -1.07804131605617
0.82 -2.38193330741943
0.83 -3.61034178487419
0.84 -4.76422537798774
0.85 -5.84472994608179
0.86 -6.85326266326933
0.87 -7.7914728989619
0.88 -8.66131501171162
0.89 -9.46499442729312
0.9 -10.2050005186669
0.91 -10.8840184643058
0.92 -11.5049275934045
0.93 -12.0707411860064
0.94 -12.5845547658038
0.95 -13.0494872041643
0.96 -13.4686495846327
0.97 -13.8450820679374
0.98 -14.1817497139055
0.99 -14.4814937952561
1 -14.7470228826072
1.01 -14.9809022019822
1.02 -15.1855637119761
1.03 -15.3633139995972
1.04 -15.5163239919867
1.05 -15.6466641192394
1.06 -15.7563197254518
1.07 -15.8471850901212
1.08 -15.9210937140924
1.09 -15.9798405909831
1.1 -16.0251604015849
1.11 -16.0587562783347
1.12 -16.0823066694446
1.13 -16.0974523268902
1.14 -16.1058032730353
1.15 -16.1089328119403
1.16 -16.1083689454616
1.17 -16.1055859194761
1.18 -16.1019823032943
1.19 -16.0988722839938
1.2 -16.0974684253633
1.21 -16.0988573238186
1.22 -16.103986417359
1.23 -16.113648705376
1.24 -16.1284688511438
1.25 -16.1488982175533
1.26 -16.175217449883
1.27 -16.2075442307489
1.28 -16.2458456135969
1.29 -16.2899543037072
1.3 -16.3395891626427
1.31 -16.3943774661672
1.32 -16.4538779646384
1.33 -16.5176074159561
1.34 -16.5850491758549
1.35 -16.655677631707
1.36 -16.7289746225522
1.37 -16.8044325099324
1.38 -16.8815688062047
1.39 -16.9599289415401
1.4 -17.0390885756557
1.41 -17.1186598603905
1.42 -17.1982848415567
1.43 -17.2776412896814
1.44 -17.3564382582836
1.45 -17.4344138483451
1.46 -17.5113372704769
1.47 -17.5869999684432
1.48 -17.6612196584679
1.49 -17.7338365941039
1.5 -17.8047084384691
1.51 -17.8737128541477
1.52 -17.9407430245778
1.53 -18.0057059823016
1.54 -18.0685224708406
1.55 -18.1291231429227
1.56 -18.1874503659693
1.57 -18.2434525997417
1.58 -18.2970867369823
1.59 -18.3483171731553
1.6 -18.3971110273673
1.61 -18.4434410332746
1.62 -18.4872830570167
1.63 -18.5286153175553
1.64 -18.5674192501712
1.65 -18.6036776963428
1.66 -18.6373750566578
1.67 -18.6684975217705
1.68 -18.6970330749972
1.69 -18.7229724493635
1.7 -18.7463086798723
1.71 -18.7670402947029
1.72 -18.7851700967694
1.73 -18.8007087917105
1.74 -18.81367695136
1.75 -18.8241059511498
1.76 -18.832041648251
1.77 -18.8375453702952
1.78 -18.8406966058625
1.79 -18.841594634335
1.8 -18.840358999171
1.81 -18.8371297793761
1.82 -18.8320679376093
1.83 -18.8253533016302
1.84 -18.8171829330464
1.85 -18.8077686561688
1.86 -18.797333870455
1.87 -18.7861100998186
1.88 -18.7743324974509
1.89 -18.7622378193554
1.9 -18.7500593808192
1.91 -18.7380235938768
1.92 -18.7263470517368
1.93 -18.7152348924399
1.94 -18.7048753830577
1.95 -18.6954410109943
1.96 -18.6870855087577
1.97 -18.6799432054714
1.98 -18.6741282865423
1.99 -18.669734080203
2 -18.6668348903669
2.01 -18.6654845751994
2.02 -18.6657185020386
2.03 -18.6675550114704
2.04 -18.6709952759928
2.05 -18.6760256117976
2.06 -18.6826187133575
2.07 -18.690735333561
2.08 -18.7003251310782
2.09 -18.711328995595
2.1 -18.7236799780348
2.11 -18.7373037373822
2.12 -18.7521225225212
2.13 -18.7680533169489
2.14 -18.7850107743065
2.15 -18.8029077742611
2.16 -18.8216557576247
2.17 -18.8411667973883
2.18 -18.8613534236238
2.19 -18.8821293741689
2.2 -18.9034105489093
2.21 -18.9251149131995
2.22 -18.9471639876654
2.23 -18.9694820196197
2.24 -18.9919964634463
2.25 -19.0146395332047
2.26 -19.037346633798
2.27 -19.0600579114539
2.28 -19.0827164183281
2.29 -19.1052714114168
2.3 -19.1276746540599
2.31 -19.1498830616658
2.32 -19.1718575619349
2.33 -19.1935631024027
2.34 -19.2149680556684
2.35 -19.236045902155
2.36 -19.256772559255
2.37 -19.2771280454173
2.38 -19.297095462003
2.39 -19.316661247442
2.4 -19.3358146850579
2.41 -19.354548132345
2.42 -19.3728556712667
2.43 -19.3907340731182
2.44 -19.4081832008994
2.45 -19.4252031964102
2.46 -19.4417973242408
2.47 -19.4579689969995
2.48 -19.4737244812666
2.49 -19.4890701377459
2.5 -19.5040137728284
2.51 -19.5185636035039
2.52 -19.5327288556828
2.53 -19.5465188663503
2.54 -19.5599435727346
2.55 -19.5730134558012
2.56 -19.5857381718985
2.57 -19.5981281994135
2.58 -19.6101935720616
2.59 -19.6219441575688
2.6 -19.6333890182801
2.61 -19.6445378728023
2.62 -19.6553989952264
2.63 -19.6659810075664
2.64 -19.676291282828
2.65 -19.6863372640696
2.66 -19.6961256716987
2.67 -19.7056620796177
2.68 -19.7149522169306
2.69 -19.7240008368231
2.7 -19.7328124837843
2.71 -19.7413904466107
2.72 -19.7497380691937
2.73 -19.7578581054522
2.74 -19.7657524330004
2.75 -19.7734230068871
2.76 -19.7808707262932
2.77 -19.7880965829672
2.78 -19.7951011299742
2.79 -19.8018844241122
2.8 -19.8084462297384
2.81 -19.8147862347636
2.82 -19.8209039231371
2.83 -19.8267982115744
2.84 -19.8324687674119
2.85 -19.8379141614482
2.86 -19.8431334013586
2.87 -19.8481258200299
2.88 -19.8528900394248
2.89 -19.8574251777763
2.9 -19.8617302920229
2.91 -19.8658047006374
2.92 -19.8696478152182
2.93 -19.8732590579782
2.94 -19.8766381736068
2.95 -19.8797850694282
2.96 -19.8826999877115
2.97 -19.8853831567919
2.98 -19.8878356199731
2.99 -19.8900577711627
3 -19.8920512318525
3.01 -19.8938173807884
3.02 -19.8953581681931
3.03 -19.8966755453031
3.04 -19.8977719295807
3.05 -19.8986502945177
3.06 -19.8993135616181
3.07 -19.8997651003479
3.08 -19.9000086294075
3.09 -19.9000480801919
3.1 -19.8998878954556
3.11 -19.8995324444923
3.12 -19.8989866766288
3.13 -19.8982557674285
3.14 -19.8973449840677
3.15 -19.896260064287
3.16 -19.8950067934562
3.17 -19.8935912044559
3.18 -19.8920197771406
3.19 -19.8902987755857
3.2 -19.8884350847
3.21 -19.8864352833593
3.22 -19.8843064380412
3.23 -19.8820555615667
3.24 -19.8796899996642
3.25 -19.8772168006751
3.26 -19.8746435291252
3.27 -19.8719774845776
3.28 -19.8692261689418
3.29 -19.8663971223671
3.3 -19.8634978357274
3.31 -19.860535792494
3.32 -19.8575184569646
3.33 -19.8544533494181
3.34 -19.8513479591827
3.35 -19.8482095590307
3.36 -19.8450454112005
3.37 -19.8418628384011
3.38 -19.8386689472198
3.39 -19.8354707261461
3.4 -19.8322750610277
3.41 -19.8290889017158
3.42 -19.8259188084246
3.43 -19.822771298836
3.44 -19.8196528459244
3.45 -19.816569486391
3.46 -19.8135273673225
3.47 -19.8105325425716
3.48 -19.8075904288787
3.49 -19.8047067315929
3.5 -19.8018866750401
3.51 -19.7991354252723
3.52 -19.7964579069351
3.53 -19.7938587919054
3.54 -19.7913425309775
3.55 -19.7889134081153
3.56 -19.786575451403
3.57 -19.7843324122386
3.58 -19.7821878194232
3.59 -19.7801448884331
3.6 -19.7782068106272
3.61 -19.7763761815807
3.62 -19.7746555115294
3.63 -19.7730471413346
3.64 -19.7715529174999
3.65 -19.7701745185632
3.66 -19.7689133477037
3.67 -19.7677705034824
3.68 -19.766746885286
3.69 -19.7658428523505
3.7 -19.7650587942037
3.71 -19.7643945405608
3.72 -19.7638499104799
3.73 -19.7634241129063
3.74 -19.7631164211672
3.75 -19.7629255867935
3.76 -19.7628500724982
3.77 -19.7628882614041
3.78 -19.7630381611454
3.79 -19.7632975353928
3.8 -19.7636638701407
3.81 -19.7641344869529
3.82 -19.7647064581138
3.83 -19.7653765050081
3.84 -19.7661414213058
3.85 -19.7669975539474
3.86 -19.7679411817459
3.87 -19.7689684634874
3.88 -19.770075267725
3.89 -19.7712573867946
3.9 -19.7725106268395
3.91 -19.773830484295
3.92 -19.77521245651
3.93 -19.7766519794369
3.94 -19.7781443852373
3.95 -19.7796850239941
3.96 -19.7812691557636
3.97 -19.7828920326868
3.98 -19.7845489764856
3.99 -19.786235247076
4 -19.7879462076669
4.01 -19.7896771927807
4.02 -19.7914236622852
4.03 -19.7931810934216
4.04 -19.7949451597248
4.05 -19.7967114731998
4.06 -19.7984758370983
4.07 -19.8002343078146
4.08 -19.8019827809029
4.09 -19.8037175923319
4.1 -19.8054350735427
4.11 -19.8071316929799
4.12 -19.8088041610249
4.13 -19.8104493740151
4.14 -19.8120643159429
4.15 -19.813646222023
4.16 -19.8151925192827
4.17 -19.8167008151008
4.18 -19.8181688573723
4.19 -19.8195946816774
4.2 -19.8209764568688
4.21 -19.822312596332
4.22 -19.8236016547112
4.23 -19.8248424208298
4.24 -19.8260338986623
4.25 -19.8271752431977
4.26 -19.8282658276667
4.27 -19.8293051754124
4.28 -19.8302930390051
4.29 -19.8312293140078
4.3 -19.8321140922187
4.31 -19.8329476215666
4.32 -19.8337303058677
4.33 -19.8344627050333
4.34 -19.8351455310246
4.35 -19.8357796485232
4.36 -19.8363660107195
4.37 -19.8369057356675
4.38 -19.8374000324449
4.39 -19.8378502512439
4.4 -19.8382577815444
4.41 -19.8386241443191
4.42 -19.8389509396658
4.43 -19.8392398143783
4.44 -19.8394924862421
4.45 -19.8397107230858
4.46 -19.8398963487112
4.47 -19.840051186884
4.48 -19.8401771120415
4.49 -19.8402760085852
4.5 -19.8403497471309
4.51 -19.8404002173113
4.52 -19.8404292812844
4.53 -19.8404387850836
4.54 -19.8404305538586
4.55 -19.8404063656926
4.56 -19.8403679580148
4.57 -19.8403170217298
4.58 -19.8402551940592
4.59 -19.8401840457131
4.6 -19.8401050825432
4.61 -19.840019737873
4.62 -19.8399293717137
4.63 -19.839835263334
4.64 -19.839738608261
4.65 -19.8396405193141
4.66 -19.8395420213742
4.67 -19.8394440518286
4.68 -19.8393474567994
4.69 -19.8392529953047
4.7 -19.8391613374814
4.71 -19.8390730648736
4.72 -19.8389886727907
4.73 -19.8389085714593
4.74 -19.8388330898329
4.75 -19.8387624783706
4.76 -19.8386969105463
4.77 -19.83863648952
4.78 -19.8385812497693
4.79 -19.8385311639871
4.8 -19.8384861466591
4.81 -19.8384460594594
4.82 -19.8384107172817
4.83 -19.8383798938278
4.84 -19.8383533266412
4.85 -19.8383307244211
4.86 -19.8383117721996
4.87 -19.8382961378036
4.88 -19.8382834780103
4.89 -19.838273444449
4.9 -19.8382656898065
4.91 -19.8382598734195
4.92 -19.8382556671519
4.93 -19.8382527606718
4.94 -19.8382508666853
4.95 -19.8382497257552
4.96 -19.838249110801
4.97 -19.8382488312067
4.98 -19.8382487365059
4.99 -19.838248719608
5 -19.8382487195334
5.01 -19.8382487195334
5.02 -19.8382487195334
5.03 -19.8382487195334
5.04 -19.8382487195334
5.05 -19.8382487195334
5.06 -19.8382487195334
5.07 -19.8382487195334
5.08 -19.8382487195334
5.09 -19.8382487195334
5.1 -19.8382487195334
5.11 -19.8382487195334
5.12 -19.8382487195334
5.13 -19.8382487195334
5.14 -19.8382487195334
5.15 -19.8382487195334
5.16 -19.8382487195334
5.17 -19.8382487195334
5.18 -19.8382487195334
5.19 -19.8382487195334
5.2 -19.8382487195334
5.21 -19.8382487195334
5.22 -19.8382487195334
5.23 -19.8382487195334
5.24 -19.8382487195334
5.25 -19.8382487195334
5.26 -19.8382487195334
5.27 -19.8382487195334
5.28 -19.8382487195334
5.29 -19.8382487195334
5.3 -19.8382487195334
5.31 -19.8382487195334
5.32 -19.8382487195334
5.33 -19.8382487195334
5.34 -19.8382487195334
5.35 -19.8382487195334
5.36 -19.8382487195334
5.37 -19.8382487195334
5.38 -19.8382487195334
5.39 -19.8382487195334
5.4 -19.8382487195334
5.41 -19.8382487195334
5.42 -19.8382487195334
5.43 -19.8382487195334
5.44 -19.8382487195334
5.45 -19.8382487195334
5.46 -19.8382487195334
5.47 -19.8382487195334
5.48 -19.8382487195334
5.49 -19.8382487195334
5.5 -19.8382487195334
5.51 -19.8382487195334
5.52 -19.8382487195334
5.53 -19.8382487195334
5.54 -19.8382487195334
5.55 -19.8382487195334
5.56 -19.8382487195334
5.57 -19.8382487195334
5.58 -19.8382487195334
5.59 -19.8382487195334
5.6 -19.8382487195334
5.61 -19.8382487195334
5.62 -19.8382487195334
5.63 -19.8382487195334
5.64 -19.8382487195334
5.65 -19.8382487195334
5.66 -19.8382487195334
5.67 -19.8382487195334
5.68 -19.8382487195334
5.69 -19.8382487195334
5.7 -19.8382487195334
5.71 -19.8382487195334
5.72 -19.8382487195334
5.73 -19.8382487195334
5.74 -19.8382487195334
5.75 -19.8382487195334
5.76 -19.8382487195334
5.77 -19.8382487195334
5.78 -19.8382487195334
5.79 -19.8382487195334
5.8 -19.8382487195334
5.81 -19.8382487195334
5.82 -19.8382487195334
5.83 -19.8382487195334
5.84 -19.8382487195334
5.85 -19.8382487195334
5.86 -19.8382487195334
5.87 -19.8382487195334
5.88 -19.8382487195334
5.89 -19.8382487195334
5.9 -19.8382487195334
5.91 -19.8382487195334
5.92 -19.8382487195334
5.93 -19.8382487195334
5.94 -19.8382487195334
5.95 -19.8382487195334
5.96 -19.8382487195334
5.97 -19.8382487195334
5.98 -19.8382487195334
5.99 -19.8382487195334
6 -19.8382487195334
6.01 -19.8382487195334
6.02 -19.8382487195334
6.03 -19.8382487195334
6.04 -19.8382487195334
6.05 -19.8382487195334
6.06 -19.8382487195334
6.07 -19.8382487195334
6.08 -19.8382487195334
6.09 -19.8382487195334
6.1 -19.8382487195334
6.11 -19.8382487195334
6.12 -19.8382487195334
6.13 -19.8382487195334
6.14 -19.8382487195334
6.15 -19.8382487195334
6.16 -19.8382487195334
6.17 -19.8382487195334
6.18 -19.8382487195334
6.19 -19.8382487195334
6.2 -19.8382487195334
6.21 -19.8382487195334
6.22 -19.8382487195334
6.23 -19.8382487195334
6.24 -19.8382487195334
6.25 -19.8382487195334
6.26 -19.8382487195334
6.27 -19.8382487195334
6.28 -19.8382487195334
6.29 -19.8382487195334
6.3 -19.8382487195334
6.31 -19.8382487195334
6.32 -19.8382487195334
6.33 -19.8382487195334
6.34 -19.8382487195334
6.35 -19.8382487195334
6.36 -19.8382487195334
6.37 -19.8382487195334
6.38 -19.8382487195334
6.39 -19.8382487195334
6.4 -19.8382487195334
6.41 -19.8382487195334
6.42 -19.8382487195334
6.43 -19.8382487195334
6.44 -19.8382487195334
6.45 -19.8382487195334
6.46 -19.8382487195334
6.47 -19.8382487195334
6.48 -19.8382487195334
6.49 -19.8382487195334
6.5 -19.8382487195334
6.51 -19.8382487195334
6.52 -19.8382487195334
6.53 -19.8382487195334
6.54 -19.8382487195334
6.55 -19.8382487195334
6.56 -19.8382487195334
6.57 -19.8382487195334
6.58 -19.8382487195334
6.59 -19.8382487195334
6.6 -19.8382487195334
6.61 -19.8382487195334
6.62 -19.8382487195334
6.63 -19.8382487195334
6.64 -19.8382487195334
6.65 -19.8382487195334
6.66 -19.8382487195334
6.67 -19.8382487195334
6.68 -19.8382487195334
6.69 -19.8382487195334
6.7 -19.8382487195334
6.71 -19.8382487195334
6.72 -19.8382487195334
6.73 -19.8382487195334
6.74 -19.8382487195334
6.75 -19.8382487195334
6.76 -19.8382487195334
6.77 -19.8382487195334
6.78 -19.8382487195334
6.79 -19.8382487195334
6.8 -19.8382487195334
6.81 -19.8382487195334
6.82 -19.8382487195334
6.83 -19.8382487195334
6.84 -19.8382487195334
6.85 -19.8382487195334
6.86 -19.8382487195334
6.87 -19.8382487195334
6.88 -19.8382487195334
6.89 -19.8382487195334
6.9 -19.8382487195334
6.91 -19.8382487195334
6.92 -19.8382487195334
6.93 -19.8382487195334
6.94 -19.8382487195334
6.95 -19.8382487195334
6.96 -19.8382487195334
6.97 -19.8382487195334
6.98 -19.8382487195334
6.99 -19.8382487195334
7 -19.8382487195334
7.01 -19.8382487195334
7.02 -19.8382487195334
7.03 -19.8382487195334
7.04 -19.8382487195334
7.05 -19.8382487195334
7.06 -19.8382487195334
7.07 -19.8382487195334
7.08 -19.8382487195334
7.09 -19.8382487195334
7.1 -19.8382487195334
7.11 -19.8382487195334
7.12 -19.8382487195334
7.13 -19.8382487195334
7.14 -19.8382487195334
7.15 -19.8382487195334
7.16 -19.8382487195334
7.17 -19.8382487195334
7.18 -19.8382487195334
7.19 -19.8382487195334
7.2 -19.8382487195334
7.21 -19.8382487195334
7.22 -19.8382487195334
7.23 -19.8382487195334
7.24 -19.8382487195334
7.25 -19.8382487195334
7.26 -19.8382487195334
7.27 -19.8382487195334
7.28 -19.8382487195334
7.29 -19.8382487195334
7.3 -19.8382487195334
7.31 -19.8382487195334
7.32 -19.8382487195334
7.33 -19.8382487195334
7.34 -19.8382487195334
7.35 -19.8382487195334
7.36 -19.8382487195334
7.37 -19.8382487195334
7.38 -19.8382487195334
7.39 -19.8382487195334
7.4 -19.8382487195334
7.41 -19.8382487195334
7.42 -19.8382487195334
7.43 -19.8382487195334
7.44 -19.8382487195334
7.45 -19.8382487195334
7.46 -19.8382487195334
7.47 -19.8382487195334
7.48 -19.8382487195334
7.49 -19.8382487195334
7.5 -19.8382487195334
7.51 -19.8382487195334
7.52 -19.8382487195334
7.53 -19.8382487195334
7.54 -19.8382487195334
7.55 -19.8382487195334
7.56 -19.8382487195334
7.57 -19.8382487195334
7.58 -19.8382487195334
7.59 -19.8382487195334
7.6 -19.8382487195334
7.61 -19.8382487195334
7.62 -19.8382487195334
7.63 -19.8382487195334
7.64 -19.8382487195334
7.65 -19.8382487195334
7.66 -19.8382487195334
7.67 -19.8382487195334
7.68 -19.8382487195334
7.69 -19.8382487195334
7.7 -19.8382487195334
7.71 -19.8382487195334
7.72 -19.8382487195334
7.73 -19.8382487195334
7.74 -19.8382487195334
7.75 -19.8382487195334
7.76 -19.8382487195334
7.77 -19.8382487195334
7.78 -19.8382487195334
7.79 -19.8382487195334
7.8 -19.8382487195334
7.81 -19.8382487195334
7.82 -19.8382487195334
7.83 -19.8382487195334
7.84 -19.8382487195334
7.85 -19.8382487195334
7.86 -19.8382487195334
7.87 -19.8382487195334
7.88 -19.8382487195334
7.89 -19.8382487195334
7.9 -19.8382487195334
7.91 -19.8382487195334
7.92 -19.8382487195334
7.93 -19.8382487195334
7.94 -19.8382487195334
7.95 -19.8382487195334
7.96 -19.8382487195334
7.97 -19.8382487195334
7.98 -19.8382487195334
7.99 -19.8382487195334
8 -19.8382487195334
8.01 -19.8382487195334
8.02 -19.8382487195334
8.03 -19.8382487195334
8.04 -19.8382487195334
8.05 -19.8382487195334
8.06 -19.8382487195334
8.07 -19.8382487195334
8.08 -19.8382487195334
8.09 -19.8382487195334
8.1 -19.8382487195334
8.11 -19.8382487195334
8.12 -19.8382487195334
8.13 -19.8382487195334
8.14 -19.8382487195334
8.15 -19.8382487195334
8.16 -19.8382487195334
8.17 -19.8382487195334
8.18 -19.8382487195334
8.19 -19.8382487195334
8.2 -19.8382487195334
8.21 -19.8382487195334
8.22 -19.8382487195334
8.23 -19.8382487195334
8.24 -19.8382487195334
8.25 -19.8382487195334
8.26 -19.8382487195334
8.27 -19.8382487195334
8.28 -19.8382487195334
8.29 -19.8382487195334
8.3 -19.8382487195334
8.31 -19.8382487195334
8.32 -19.8382487195334
8.33 -19.8382487195334
8.34 -19.8382487195334
8.35 -19.8382487195334
8.36 -19.8382487195334
8.37 -19.8382487195334
8.38 -19.8382487195334
8.39 -19.8382487195334
8.4 -19.8382487195334
8.41 -19.8382487195334
8.42 -19.8382487195334
8.43 -19.8382487195334
8.44 -19.8382487195334
8.45 -19.8382487195334
8.46 -19.8382487195334
8.47 -19.8382487195334
8.48 -19.8382487195334
8.49 -19.8382487195334
8.5 -19.8382487195334
8.51 -19.8382487195334
8.52 -19.8382487195334
8.53 -19.8382487195334
8.54 -19.8382487195334
8.55 -19.8382487195334
8.56 -19.8382487195334
8.57 -19.8382487195334
8.58 -19.8382487195334
8.59 -19.8382487195334
8.6 -19.8382487195334
8.61 -19.8382487195334
8.62 -19.8382487195334
8.63 -19.8382487195334
8.64 -19.8382487195334
8.65 -19.8382487195334
8.66 -19.8382487195334
8.67 -19.8382487195334
8.68 -19.8382487195334
8.69 -19.8382487195334
8.7 -19.8382487195334
8.71 -19.8382487195334
8.72 -19.8382487195334
8.73 -19.8382487195334
8.74 -19.8382487195334
8.75 -19.8382487195334
8.76 -19.8382487195334
8.77 -19.8382487195334
8.78 -19.8382487195334
8.79 -19.8382487195334
8.8 -19.8382487195334
8.81 -19.8382487195334
8.82 -19.8382487195334
8.83 -19.8382487195334
8.84 -19.8382487195334
8.85 -19.8382487195334
8.86 -19.8382487195334
8.87 -19.8382487195334
8.88 -19.8382487195334
8.89 -19.8382487195334
8.9 -19.8382487195334
8.91 -19.8382487195334
8.92 -19.8382487195334
8.93 -19.8382487195334
8.94 -19.8382487195334
8.95 -19.8382487195334
8.96 -19.8382487195334
8.97 -19.8382487195334
8.98 -19.8382487195334
8.99 -19.8382487195334
9 -19.8382487195334
9.01 -19.8382487195334
9.02 -19.8382487195334
9.03 -19.8382487195334
9.04 -19.8382487195334
9.05 -19.8382487195334
9.06 -19.8382487195334
9.07 -19.8382487195334
9.08 -19.8382487195334
9.09 -19.8382487195334
9.1 -19.8382487195334
9.11 -19.8382487195334
9.12 -19.8382487195334
9.13 -19.8382487195334
9.14 -19.8382487195334
9.15 -19.8382487195334
9.16 -19.8382487195334
9.17 -19.8382487195334
9.18 -19.8382487195334
9.19 -19.8382487195334
9.2 -19.8382487195334
9.21 -19.8382487195334
9.22 -19.8382487195334
9.23 -19.8382487195334
9.24 -19.8382487195334
9.25 -19.8382487195334
9.26 -19.8382487195334
9.27 -19.8382487195334
9.28 -19.8382487195334
9.29 -19.8382487195334
9.3 -19.8382487195334
9.31 -19.8382487195334
9.32 -19.8382487195334
9.33 -19.8382487195334
9.34 -19.8382487195334
9.35 -19.8382487195334
9.36 -19.8382487195334
9.37 -19.8382487195334
9.38 -19.8382487195334
9.39 -19.8382487195334
9.4 -19.8382487195334
9.41 -19.8382487195334
9.42 -19.8382487195334
9.43 -19.8382487195334
9.44 -19.8382487195334
9.45 -19.8382487195334
9.46 -19.8382487195334
9.47 -19.8382487195334
9.48 -19.8382487195334
9.49 -19.8382487195334
9.5 -19.8382487195334
9.51 -19.8382487195334
9.52 -19.8382487195334
9.53 -19.8382487195334
9.54 -19.8382487195334
9.55 -19.8382487195334
9.56 -19.8382487195334
9.57 -19.8382487195334
9.58 -19.8382487195334
9.59 -19.8382487195334
9.6 -19.8382487195334
9.61 -19.8382487195334
9.62 -19.8382487195334
9.63 -19.8382487195334
9.64 -19.8382487195334
9.65 -19.8382487195334
9.66 -19.8382487195334
9.67 -19.8382487195334
9.68 -19.8382487195334
9.69 -19.8382487195334
9.7 -19.8382487195334
9.71 -19.8382487195334
9.72 -19.8382487195334
9.73 -19.8382487195334
9.74 -19.8382487195334
9.75 -19.8382487195334
9.76 -19.8382487195334
9.77 -19.8382487195334
9.78 -19.8382487195334
9.79 -19.8382487195334
9.8 -19.8382487195334
9.81 -19.8382487195334
9.82 -19.8382487195334
9.83 -19.8382487195334
9.84 -19.8382487195334
9.85 -19.8382487195334
9.86 -19.8382487195334
9.87 -19.8382487195334
9.88 -19.8382487195334
9.89 -19.8382487195334
9.9 -19.8382487195334
9.91 -19.8382487195334
9.92 -19.8382487195334
9.93 -19.8382487195334
9.94 -19.8382487195334
9.95 -19.8382487195334
9.96 -19.8382487195334
9.97 -19.8382487195334
9.98 -19.8382487195334
9.99 -19.8382487195334
10 -19.8382487195334
